5000 100
5400 3
900 17
7800 5
1400 98
6100 98
8300 39
200 17
4600 7
5200 64
8100 60
8400 18
2100 38
2300 68
3700 86
8300 49
7700 6
7300 61
2100 3
6400 31
3800 91
8100 61
6300 39
3600 32
9700 19
7500 35
6500 46
5000 9
3100 7
6300 15
7700 16
3300 83
1200 11
6700 10
2200 16
2600 33
2000 86
7400 26
6400 39
1400 70
7200 33
3500 34
8000 98
6900 73
8000 23
1800 99
5200 95
4000 27
6200 55
6900 38
600 80
500 42
9800 40
8400 26
3900 58
1000 9
4600 73
3600 77
300 81
9200 38
4600 89
9300 66
8800 86
5300 8
8800 34
8600 17
6800 80
9600 63
7700 54
6100 46
9900 56
2700 87
6900 28
4600 61
2000 77
8600 12
2900 24
9800 33
4600 12
2700 98
9400 8
9300 16
3400 56
2900 33
7400 12
6300 45
2400 55
4000 12
8300 37
9700 5
8200 67
6400 72
5800 9
3100 44
7700 2
8500 52
2900 60
6400 39
8000 99
6300 62
6000 73
