10000 100
4600 35
4800 59
2900 34
8700 92
9100 84
6200 71
8900 85
7900 53
6100 5
2500 33
9300 73
7200 34
4500 51
7600 2
1100 78
7700 48
3500 92
2400 8
9000 65
2200 8
3700 47
2000 82
9400 52
5800 94
5800 37
9000 68
1600 18
4800 82
5400 3
5200 31
4200 37
7400 3
1500 86
8300 54
6400 40
7200 16
6600 21
5700 71
9300 53
9400 64
4900 95
4900 80
1800 75
9300 80
3000 31
6900 18
4400 42
3900 31
1600 70
7100 73
100 86
5100 40
5500 66
1700 64
1800 77
7400 7
6900 28
7000 31
3000 56
7100 77
9800 69
4400 74
1700 83
6300 70
7700 26
4800 63
6300 2
9300 64
300 38
7400 10
1900 69
1500 19
5500 66
4400 76
5900 25
7600 96
1300 4
8000 26
6300 6
4600 20
6000 97
6900 4
4200 57
9500 35
4100 48
8900 57
5900 68
2000 90
5300 68
8100 22
1200 14
7400 78
400 33
6200 97
3500 31
6000 69
100 26
2200 18
9300 31
7000 58
