40000 100
6300 13
8700 77
1000 87
1600 33
4000 18
1300 65
8900 79
2500 25
400 65
1600 69
8900 37
5400 38
5400 18
1500 8
4700 86
3100 56
2300 90
1600 32
6500 17
4700 28
7000 50
1200 53
8300 12
9600 43
9800 40
4400 22
3000 5
2200 79
9400 97
6000 41
6900 41
9200 6
5700 95
8800 23
7500 52
2900 37
100 44
6500 66
3200 31
200 34
4500 80
4800 25
6700 36
3000 74
6000 91
2400 7
8500 72
6500 69
6100 6
300 52
7900 56
300 4
5900 22
5400 14
6300 88
2700 21
9300 20
3400 31
1100 17
8300 66
7400 73
4000 75
7600 23
400 25
5600 37
9500 43
8900 60
5600 24
9100 9
8800 89
6700 33
6900 65
3200 65
1800 81
8500 49
7700 35
2600 94
8100 46
1600 2
3800 55
7100 33
9000 24
5600 17
5600 17
9900 38
9000 27
4000 74
5900 68
3500 63
9500 39
8300 13
6700 57
2500 25
200 47
6600 32
4800 34
3800 65
8400 60
5800 46
100 15
