15000 100
2800 33
6100 13
8800 85
8800 12
3500 72
1600 99
5300 46
7200 26
7500 74
600 58
2200 66
1000 61
7000 78
2700 93
8500 32
7700 54
5600 90
8600 40
3400 11
7200 68
4600 35
4800 86
7700 31
3900 91
7900 23
4800 78
6800 5
8200 91
4500 26
1300 15
7500 22
7200 69
4100 55
4600 63
2100 55
1700 43
7300 48
8300 57
3600 14
1300 84
5600 11
7700 12
3500 22
8100 83
8700 59
8500 44
8100 38
900 24
600 42
1100 85
800 80
7800 60
7200 67
2100 34
7000 87
9500 37
4000 38
4000 54
3800 13
3000 95
5800 12
4200 51
300 29
7100 63
1700 56
8000 51
5000 58
600 70
6100 15
8700 48
7600 66
9000 68
6200 70
9700 50
9300 56
7300 28
4200 35
5200 49
3200 78
1300 48
8100 99
7200 64
5700 59
2400 21
200 22
3700 40
3500 36
7800 45
2100 19
2500 90
4100 23
8600 55
9800 58
6500 95
700 77
3400 90
3100 96
7500 11
8000 8
8400 66
