20000 100
4500 26
7800 88
3000 18
5000 43
4400 44
9400 70
700 85
9900 87
7900 22
3000 65
1400 67
4800 98
1400 95
1000 59
2000 68
3300 84
4200 38
2500 53
200 52
8400 34
2000 28
800 48
7400 80
6200 97
6200 45
3700 56
5400 62
800 90
5300 81
8600 13
1000 82
200 98
9600 70
300 8
8600 85
7100 16
1000 5
6000 27
4700 4
2100 74
400 38
5000 20
6400 97
1100 37
8700 99
8700 16
5200 82
7600 46
9500 55
1900 3
9200 76
100 95
3700 49
6000 82
1500 75
4500 84
3200 83
1900 75
2400 6
4200 52
5600 65
3400 16
4800 70
4900 69
2000 74
900 19
9900 10
9900 60
6400 9
6800 44
3200 3
8000 11
1100 3
5900 43
9000 32
4500 81
100 99
8200 22
2200 48
6500 45
5900 69
1900 90
100 5
1100 32
3300 18
7100 96
1400 91
4000 74
9500 43
5800 67
4000 1
7500 83
5600 7
5400 2
6800 11
3500 13
4600 19
7500 85
7800 25
4000 3
