35000 100
6600 79
5100 29
700 49
7000 83
6900 75
7000 8
4200 40
4400 63
3900 57
9400 61
7800 74
9500 76
8900 96
5700 11
3800 26
5200 71
7100 12
1600 67
5000 95
9900 65
2300 28
1400 76
7500 49
6000 76
4800 93
3900 81
6800 32
9100 99
7600 4
4800 49
5800 62
6900 6
8300 45
3100 57
4800 92
9400 21
1200 83
8700 39
4400 86
9900 89
9100 73
7500 72
4200 98
7200 7
9400 78
8800 64
1900 82
1100 68
100 6
9200 10
5900 25
1000 21
4600 66
9300 45
5200 44
5200 89
5300 89
5300 58
3800 67
2600 55
5100 51
4000 79
8300 91
9900 95
9400 26
1700 87
5400 92
4200 36
7600 36
2700 2
2100 44
9400 36
9600 83
4000 34
2500 99
9400 85
1700 93
6200 51
4700 69
6600 80
2900 12
3700 90
9300 19
2300 61
5000 67
6800 50
4100 61
7800 64
3900 66
9100 20
6800 3
6700 57
6000 42
900 2
2900 83
2500 48
8400 37
3400 57
6900 73
5300 70
