30000 100
600 90
5800 63
6500 92
5600 68
6200 64
6700 1
800 3
400 12
7100 63
2700 3
800 1
5300 89
8600 2
7400 87
3000 30
4000 15
5600 42
8200 68
1600 71
500 38
1300 27
5800 64
7600 24
7000 2
4900 60
3600 73
3500 52
1300 49
1700 8
9500 75
1000 3
800 33
4800 58
2000 40
4000 65
100 11
5000 30
7500 81
600 61
2200 81
7900 84
3000 68
1100 8
7400 97
7800 89
1600 70
1000 62
9000 61
4300 39
4700 8
4400 32
9500 98
9400 20
3100 44
600 34
1300 7
8100 93
500 8
9700 19
8900 4
5100 96
2300 98
5700 71
1400 5
2300 21
3900 85
2000 45
300 85
7100 80
5200 38
7900 60
9300 67
400 27
2600 41
4700 9
500 43
2200 72
7700 9
3300 48
7100 99
9300 54
3400 89
5800 42
8500 30
4400 47
800 88
8100 86
4000 44
2400 23
8100 7
1100 17
5100 9
700 18
500 77
3400 94
6100 60
3200 37
7300 61
2300 16
4000 88
