50000 100
8100 73
6500 60
3400 25
5000 44
9100 91
500 26
5700 62
3100 17
1300 68
1200 32
1800 54
7700 14
9400 61
700 30
8000 78
500 45
3700 82
4200 90
1300 33
3100 85
6500 17
2600 58
1800 76
7700 85
5500 70
3600 36
9500 55
1100 93
6900 88
4200 20
7900 41
9400 50
400 60
9500 24
400 1
3200 91
4300 70
4900 27
1100 96
6200 11
600 22
5400 29
5700 23
500 35
2100 91
9400 31
5700 8
5600 57
5200 57
3500 5
9500 40
5300 71
2500 39
1400 34
1800 90
3600 8
500 64
9500 16
9400 87
9300 41
8900 90
2200 64
9600 68
4200 16
800 53
8600 44
3500 5
4700 18
700 44
3800 62
6100 32
1200 76
3900 61
2600 31
6000 93
2400 23
1800 58
9800 32
100 78
600 85
7100 30
8500 38
5200 61
7300 76
2000 65
7600 59
5500 27
2800 82
3000 56
3000 78
4000 8
5400 37
2800 16
2400 2
700 17
2600 91
6500 87
200 13
1000 93
1900 57
