45000 100
5200 23
3500 92
8800 8
1900 46
9300 37
5200 92
4400 63
9400 4
4400 55
8700 58
1200 16
7800 5
9800 91
9500 97
4400 87
5400 21
7500 14
3000 65
2600 14
5000 2
4600 12
4000 96
8500 6
7600 88
600 43
4700 34
600 56
9100 76
9600 55
7200 18
3400 3
8200 63
3900 18
4500 98
8400 84
9000 57
3100 45
2600 20
2900 22
5900 24
1600 38
3800 21
3300 18
1600 96
5900 22
3500 69
2700 32
4000 70
300 18
3400 71
3000 96
4200 15
4000 41
9200 85
4800 30
5100 10
1000 17
2100 93
800 51
5600 51
2800 81
4000 1
9400 99
6100 58
3300 74
4100 99
1300 33
4800 20
8100 79
7400 16
7100 60
3100 72
900 54
1600 93
500 60
8600 42
6200 33
5100 95
500 34
5500 45
2600 4
7000 58
5400 58
900 31
7300 80
1800 54
7700 65
8000 15
7100 37
7500 35
7800 96
4100 27
3400 59
7700 58
400 1
6600 30
2800 87
6800 58
4900 14
4900 3
