25000 100
9900 58
2500 43
900 58
3700 87
9100 67
4200 69
1200 66
2500 6
8500 40
600 7
300 17
1400 57
5500 41
700 75
6100 21
9400 26
4700 88
9600 37
6800 86
9500 59
2900 62
3600 49
2700 47
6100 56
1600 79
8200 63
8600 97
9300 13
4300 24
1800 49
3000 11
2200 48
8300 42
5800 94
3900 44
7400 12
2400 48
7700 66
6700 49
9900 44
7200 89
3500 99
5000 13
8500 79
8700 41
3700 89
400 84
8600 75
1700 4
3000 9
4600 32
6900 63
7000 1
4100 43
700 60
2700 30
4000 64
7800 52
4200 24
7600 33
2900 14
7200 28
200 45
1400 91
3500 61
7700 93
7400 40
4000 43
300 69
8600 52
4100 11
3200 19
6700 29
9800 69
6900 64
3600 13
8400 5
2900 38
9100 30
3400 95
8800 54
6100 75
9000 48
8900 23
9900 28
2500 58
7400 60
3100 20
7300 36
7900 68
1000 80
5700 29
6300 57
3700 27
7600 50
7500 59
2200 77
7800 58
1000 80
7000 11
