10000 150
8400 19
800 67
5900 93
7000 45
8600 23
5700 37
6200 82
7200 78
8200 73
9500 47
2100 55
300 58
2900 25
1900 4
100 77
8100 71
4500 99
2400 1
5900 79
7400 15
1000 94
4700 32
6600 75
6100 98
6100 58
600 50
6500 44
1600 70
2500 10
4300 48
2000 36
3900 10
7900 12
100 33
1200 69
9400 63
1500 15
900 37
3600 29
800 71
2300 65
2800 78
1800 77
1400 45
5800 84
2800 49
5200 63
5300 57
4200 11
9200 99
2400 49
4600 94
2600 30
3000 97
5800 8
500 98
2200 17
3100 13
2800 41
800 25
2200 99
9200 58
5500 59
6700 92
6600 88
6100 31
4500 80
1800 68
9600 35
3900 52
7600 95
7700 14
1800 56
4600 14
3000 18
3000 74
4600 91
7300 83
5200 20
3000 49
9100 49
9800 94
2100 46
8400 44
5800 60
8000 24
3300 6
4800 85
1000 40
3300 90
7600 89
3900 3
5600 50
7700 20
9900 39
9800 17
3500 91
800 13
2700 61
7700 72
4900 61
4900 97
3100 32
4500 13
9300 37
4400 55
9800 84
6400 15
3300 72
4600 81
9700 12
5000 12
700 14
6700 65
2300 16
1200 89
4800 79
8800 14
1200 62
4600 12
9500 57
6900 54
5700 8
8300 28
4600 1
5600 26
7900 80
3500 89
4000 89
7100 7
9400 65
1400 21
6200 26
900 37
4200 1
9000 76
3000 82
3200 6
1600 47
800 65
300 90
2900 65
9300 97
2700 69
6000 46
4800 6
1400 33
8000 92
1400 42
6300 36
