50000 150
2900 80
7900 52
1600 40
7400 43
9300 96
7600 4
7400 52
1400 47
8100 22
4400 87
7800 51
2900 1
8900 82
8100 45
8200 28
100 23
8200 97
8100 67
2800 52
4200 32
300 32
3400 81
400 54
3800 83
1600 48
2500 15
2700 38
1700 89
3000 16
2900 5
6900 69
4000 15
8000 38
4800 73
3800 42
1400 96
2500 90
7400 71
3000 12
7600 77
400 28
2300 7
6800 58
9500 49
2500 7
6600 79
9200 52
4100 82
500 46
4300 38
7500 92
7600 93
8400 41
9800 79
2800 40
1600 32
5500 70
6100 13
6700 42
8100 81
9700 22
4700 48
5800 79
2800 43
1900 86
7200 71
500 67
8700 2
700 21
5700 46
400 43
7200 26
3500 68
5700 99
2600 75
1300 64
5600 40
6400 58
6000 60
5300 16
5600 75
1300 60
5200 65
4000 41
9800 67
2700 95
6700 68
600 83
2400 23
1700 46
2300 8
9900 30
8900 72
3200 20
6500 92
2100 1
7200 73
4300 60
200 74
1100 21
7300 24
7500 5
4800 91
1300 29
2300 21
2300 18
5900 2
1900 74
4900 20
6800 45
3800 9
300 29
2600 61
2700 27
3800 80
9100 97
8500 28
6900 93
1000 69
5700 9
3900 78
1100 23
1900 26
4500 6
7600 99
4500 60
1300 94
1000 2
6000 45
9200 16
8700 25
1300 1
500 2
4800 58
8300 4
4300 94
2200 19
4200 18
7100 46
9700 8
8300 17
2600 62
7000 43
8600 77
4400 7
6700 50
6500 54
6600 95
6900 81
2900 67
