20000 150
1900 59
8300 62
4500 89
4000 87
7800 64
6000 10
1400 40
9000 36
8300 23
7400 29
8400 67
7000 26
1500 57
5100 68
8400 92
6300 97
9300 82
9000 55
2500 50
4300 75
4000 6
8500 36
6900 98
1500 79
6700 88
6000 85
3900 31
1200 79
8800 85
7800 33
2100 77
2700 37
6600 40
4100 95
6900 65
3200 90
4300 20
1700 72
2300 66
7000 61
3900 92
5000 75
1100 97
1600 87
1100 74
2700 51
1800 6
3600 2
800 85
8900 23
6600 68
300 95
9200 12
4100 24
1500 71
6300 13
8200 48
8500 85
7200 40
3500 16
4500 70
100 8
1800 2
3700 13
3000 17
800 90
5400 25
2900 21
8200 41
9500 22
8700 29
800 77
6600 19
400 57
9300 95
3600 50
9100 52
3600 83
8600 35
7100 91
5200 41
900 6
5600 56
3400 94
9500 74
6200 72
5800 74
9100 29
6300 17
6700 15
600 69
1800 84
7200 87
2300 12
9000 48
7000 33
2600 85
8200 28
2900 18
6600 22
4200 60
3200 73
2500 3
7800 34
1100 12
7500 31
7300 90
2900 25
1000 64
9500 69
4700 84
9700 24
1400 97
3500 36
7200 95
9500 50
8600 37
2000 48
8300 16
4400 48
8100 58
2300 49
6400 10
1200 49
100 23
2100 5
8800 48
3700 45
8400 34
4300 38
1100 94
6200 14
5800 76
4300 48
8100 60
900 50
200 82
7800 22
9800 17
9200 58
8800 21
6100 91
6400 12
5900 95
4900 75
7400 69
6600 60
3700 25
100 35
4900 6
