30000 150
8400 62
3500 11
6400 60
7100 24
5700 33
1800 16
9000 65
3600 30
5700 4
2700 59
8100 2
4300 9
6500 91
400 82
2700 85
9500 78
3700 65
1400 59
800 15
8600 3
9500 90
3800 68
400 34
5200 99
500 59
6100 37
5600 23
7900 19
1400 74
4800 86
600 71
1500 35
2300 60
4500 72
6800 81
3500 57
9400 26
7500 68
8200 81
6400 46
3900 57
5500 16
2600 1
9500 84
4900 39
6700 17
3700 9
5100 27
1700 32
9300 90
8900 62
1400 36
4100 97
5800 16
1600 22
5700 67
9600 33
5800 70
2400 43
8800 93
3400 75
7700 45
3900 61
3200 61
7000 51
1100 68
100 6
3000 42
7100 56
8600 7
2200 90
5600 9
6600 29
6400 89
6700 76
8300 68
2900 33
4500 45
9400 74
5200 98
3200 17
2800 43
9600 96
5700 97
8300 18
9800 17
700 33
7600 71
7600 89
4200 61
600 94
2200 25
3300 81
800 85
4200 44
6000 3
4900 26
7900 65
1400 26
3800 85
7000 74
4500 64
6200 97
7800 33
5500 23
3100 53
7700 3
1500 90
1800 53
4300 23
3600 24
5200 11
9700 74
9100 52
9600 33
6800 23
5800 38
800 20
4200 59
5800 22
5800 72
9800 26
4000 68
100 98
700 99
7600 34
2000 76
400 83
7000 99
6300 60
500 17
8200 12
3900 63
5000 55
1500 21
3500 11
9700 63
7200 5
800 66
9800 89
9700 94
2200 30
9600 42
5500 52
7100 6
5100 53
7900 77
4000 57
2900 5
6900 47
