25000 150
6400 33
7300 23
900 77
1100 98
2000 71
1800 7
7200 26
9700 91
1400 40
5100 42
3700 81
2500 27
3000 92
8000 79
9000 85
5500 80
6400 28
5300 1
4300 48
2300 96
3100 15
5200 36
6000 85
4600 76
300 47
4500 5
6800 52
5300 40
6300 13
6000 62
600 70
9700 22
5900 82
4300 92
2100 60
5700 73
9500 25
6900 42
3700 59
100 84
1000 71
6700 53
7600 62
2000 89
1800 14
1700 88
5500 17
7900 14
7000 66
5700 59
3000 28
1900 55
1400 90
800 18
8800 96
9500 95
7900 74
4000 41
2500 50
1200 55
3500 49
6700 27
7600 72
9500 38
9300 3
6200 88
5500 76
1400 52
300 64
3200 8
9100 92
9900 27
8500 54
300 39
100 82
4100 30
2100 67
8900 27
6200 40
6100 67
3200 61
9900 37
8700 66
9500 43
8200 35
5100 82
3100 93
1200 87
2100 20
5400 4
3900 7
8800 70
7800 83
7300 94
8100 2
1300 30
3200 67
1000 42
4000 16
7200 24
4300 60
3100 31
6500 46
1200 43
2100 49
3000 95
8300 87
4200 52
600 46
900 83
5100 83
1500 16
9800 34
9200 9
6000 58
2600 6
900 37
5200 44
500 35
6400 11
8200 25
2000 84
9600 45
3900 42
7200 10
1300 36
300 44
8800 18
2700 90
100 69
4000 96
5800 70
3500 53
9500 1
5200 80
9700 85
4700 23
3300 4
4800 37
9600 39
8200 4
3600 18
1000 42
5800 14
6700 26
6700 78
8800 34
2800 22
3900 67
4300 93
