40000 150
9300 24
1000 23
1000 80
3500 28
5400 22
6500 14
3300 66
4200 95
8700 55
8600 5
1300 85
5400 41
9600 81
9500 24
7900 96
2100 45
2900 93
9400 75
2200 72
5200 66
3000 89
300 79
5600 69
900 64
6400 13
2200 87
3400 14
9500 28
5200 15
8400 97
8200 32
3300 23
4000 5
8500 13
2600 89
4800 54
4400 64
2200 19
8700 80
4700 15
6200 98
2400 74
8500 17
2800 48
8700 4
7300 37
5500 32
6900 70
6800 91
7800 49
4400 16
2100 33
4900 84
9100 17
1400 76
6400 88
6300 45
3100 69
3600 66
4000 40
500 9
6100 4
100 24
7400 47
6100 73
9000 92
7700 75
9900 43
8100 7
3300 51
1000 36
8600 82
9700 48
2700 20
4500 95
6800 86
5000 87
1200 46
7700 99
2900 15
8500 11
1200 62
6300 3
2900 25
900 78
9400 49
9000 9
3800 17
9200 41
9100 87
4900 87
200 21
7300 72
6800 22
9000 52
1700 48
6200 94
900 88
1400 48
4100 49
7900 73
6100 70
2500 35
1900 95
5600 62
3900 63
100 30
4100 82
1300 21
900 90
1400 67
9700 6
2600 18
3600 34
7200 82
3800 84
9100 88
6100 44
9200 5
6000 31
4000 95
7800 90
4200 49
5700 81
500 51
4100 62
7600 56
1300 99
6700 2
4800 39
5400 77
5200 97
800 78
1500 94
4200 26
4900 42
7300 22
1300 77
8400 56
1500 10
2800 87
1900 58
3600 43
6700 5
4000 97
7300 32
3400 62
500 99
6100 35
1200 57
