35000 150
1000 57
1100 89
6300 30
8200 54
2900 81
4200 14
4000 37
2400 4
4600 41
9900 15
7800 51
7300 3
7700 67
200 30
2100 74
9500 13
1000 26
1900 75
2200 73
4600 70
2300 78
5600 65
600 51
7800 43
4900 50
5700 84
3500 72
7300 60
7600 88
1200 3
2100 53
1100 59
8700 19
300 82
5400 95
4600 49
7300 60
9600 37
1200 31
5000 25
7100 32
400 10
5700 2
200 74
300 77
7600 63
4700 80
2800 46
2000 4
1600 26
8900 67
8100 50
1000 81
4600 40
6400 18
7000 77
3900 4
2900 90
7100 36
7800 9
6000 92
5300 29
6600 65
700 33
4900 64
1400 99
4700 24
6300 74
8100 67
1400 66
1800 8
7300 26
1300 94
4000 59
6900 66
3900 41
8500 67
2300 13
4200 93
4200 57
4700 90
9900 92
2800 5
5700 94
8500 28
4400 90
8600 65
800 90
4300 82
3300 89
2200 65
3800 55
7500 33
9800 43
3900 79
4100 99
5900 95
1700 65
400 23
700 26
2600 70
9300 80
6400 70
1900 70
9400 64
4800 82
5700 25
9900 8
9900 50
4700 61
7900 59
7400 81
7500 94
6100 21
4700 41
5800 51
3100 39
3500 29
7100 24
2900 19
5900 3
5800 33
7000 51
2100 93
4800 72
5900 33
100 21
8500 71
3000 77
7400 20
4200 25
8500 25
5200 98
2100 57
3300 28
1800 38
1500 77
9600 3
1700 88
8600 47
2100 11
900 21
1800 87
400 14
700 8
6200 16
3300 58
3700 89
700 77
8900 12
