45000 150
2500 84
6200 29
6800 40
9100 67
9200 75
5600 41
6400 15
2100 60
6000 68
9100 32
600 79
9000 7
3200 32
8400 49
5500 29
6700 24
2000 90
2600 92
300 49
3600 56
9000 70
5900 57
2400 65
5200 99
4600 26
7100 89
5700 83
4100 39
7300 68
1600 66
400 2
8200 56
6200 34
8900 62
3400 30
6900 81
1000 71
3600 92
7000 86
7300 82
7700 94
6700 66
1000 66
8900 61
8900 87
8700 13
1900 27
5900 15
1400 39
1400 62
600 15
8200 67
6200 49
7900 61
9500 61
3000 98
3500 7
9800 39
5100 80
8800 5
7500 93
5600 14
6400 49
700 66
3100 39
7600 24
8900 64
1400 33
4800 72
4700 67
1500 84
3100 9
2900 96
500 18
7300 31
9600 36
3700 33
5800 88
5700 59
3500 6
9500 69
8400 30
6500 75
2600 14
4400 48
4000 82
100 47
4600 54
5300 67
5800 9
8900 59
400 41
6800 2
300 79
4800 88
8100 27
1200 1
7400 81
6500 46
8500 83
400 88
1800 2
7900 48
7800 5
4300 35
8700 84
8900 22
9700 1
7800 13
6400 77
3200 93
1000 25
6700 26
4200 12
5300 66
4500 41
2000 41
2700 84
4500 30
300 75
5900 10
8900 29
8500 61
8000 19
500 17
2100 87
9200 4
800 28
7900 62
8700 32
5100 65
1500 52
4300 32
300 90
3900 90
1300 49
4400 21
9200 35
9400 42
2900 48
3800 85
900 62
2900 76
6100 40
9600 73
4600 18
8000 54
5300 55
2400 20
9700 87
