5000 150
3800 88
1300 42
6300 54
3900 81
7200 18
2100 49
9800 73
3900 35
3400 48
5900 68
4600 23
8000 35
8600 79
9700 16
6600 73
5600 72
1500 7
5600 86
9500 94
3200 2
1100 33
3100 62
6600 28
7000 12
4000 85
7800 5
3300 2
6300 81
3200 1
7700 66
4800 66
8800 15
5700 46
3400 93
200 40
1100 53
6100 86
3200 7
3200 18
3500 77
1000 36
3500 3
3300 21
6500 63
2500 74
6000 54
800 44
2200 33
1700 85
900 76
5600 99
6600 48
700 76
6200 37
9700 8
2300 54
5400 5
5400 75
9000 58
2900 24
5900 3
2000 14
3200 11
7600 1
6500 52
3900 26
8600 45
6800 89
2300 4
5400 29
7100 31
800 80
9300 53
4100 39
2500 41
5700 75
5500 87
5300 52
1600 74
5300 75
400 34
6800 51
7600 66
4400 32
9300 72
1100 16
4500 8
7700 67
4800 95
200 40
9400 96
4700 91
5800 11
6300 60
8800 44
8700 21
4300 98
5100 97
6300 61
400 94
3500 94
7800 14
6600 85
2900 6
8900 68
6400 71
800 86
1900 24
2200 45
3700 30
4200 98
1800 78
3700 40
4800 19
7500 97
1800 25
7300 35
6600 15
5200 78
2700 69
1900 60
600 2
100 45
9100 59
500 6
6800 56
9700 49
900 10
9500 99
4500 2
1400 22
500 27
4500 74
4900 25
5900 62
4100 93
9600 18
6300 66
7600 77
7500 2
300 13
9200 27
7100 23
8400 72
7500 91
5900 31
5600 56
2300 74
5800 98
600 48
