15000 150
9000 58
4600 81
1100 37
1000 30
2400 75
800 21
2100 45
6600 57
2200 75
1900 74
8100 18
7900 62
6700 12
7800 77
7400 93
9200 68
100 56
1200 95
1900 44
6200 64
2400 46
6400 97
6700 74
3100 76
2000 90
6300 91
9700 41
1000 61
2800 97
4100 90
6700 36
500 20
3000 61
2600 30
2600 21
5500 92
300 93
3400 45
6200 21
1500 51
9300 17
8100 25
7000 47
3400 21
7100 25
1100 47
9600 46
3100 16
4100 58
2400 87
9800 41
8600 88
900 70
1600 88
9000 27
6900 17
8700 59
7200 96
1100 65
6400 52
900 5
8300 40
5200 35
1700 63
6000 69
1700 90
9000 55
1300 58
1100 15
1000 5
2600 13
9300 86
3500 88
800 63
5400 25
700 12
200 4
6800 45
5200 76
5900 15
2700 80
8900 14
6600 16
5700 80
300 65
3000 9
9700 39
2900 44
5900 46
9200 46
7500 21
9800 74
6100 73
9900 77
3400 67
7300 84
800 43
7300 47
6800 64
2900 49
3700 10
4600 8
5100 43
5200 9
5300 43
2900 78
5100 72
8700 33
2600 63
6300 64
8900 66
6300 68
2300 79
1600 20
400 70
2000 60
8100 90
5200 94
9600 3
2900 76
5300 29
4600 86
7000 58
5500 84
2600 27
3100 10
8600 22
4800 79
9900 17
6000 34
8000 29
2400 23
7100 23
6600 39
7500 14
6000 66
5800 54
8000 60
5200 77
2600 93
2100 81
8900 30
1100 44
2100 44
700 53
1900 68
4100 9
7300 9
8100 56
7700 7
