5000 200
1600 25
3400 38
8000 62
2100 5
3000 61
6300 72
4800 62
1100 73
500 91
6300 39
2900 45
7000 69
7100 43
300 35
7200 72
3400 31
800 96
300 29
5000 66
7600 76
2100 4
9000 93
4600 97
2700 29
400 42
7800 47
9000 52
100 47
1800 18
9200 89
5400 82
6600 7
4000 55
6900 36
3000 12
1900 12
9300 19
1800 67
7500 69
3300 63
5500 88
1000 90
6200 85
3700 77
3200 34
4000 39
7400 40
3600 66
9100 50
3400 8
8300 63
7500 19
6800 56
2000 2
3100 82
5400 79
7500 49
7500 78
8200 25
5400 55
1200 37
6200 25
1400 38
2400 77
2700 8
8600 61
2700 5
8600 21
7400 12
8800 56
1700 94
6100 84
1700 26
6200 32
5300 63
6400 2
9300 19
9900 6
1800 42
7700 76
2800 92
9200 89
2100 91
300 83
7600 42
3400 91
4900 87
9800 38
1100 31
200 21
7300 87
2100 33
6300 86
2100 4
1100 4
400 18
8100 37
9000 56
5900 66
700 6
5000 56
6700 47
9800 48
5000 45
800 72
5200 8
7800 47
1700 19
8000 80
4900 88
7200 49
5500 59
4700 57
1200 26
8000 28
8500 28
1900 67
2200 91
2300 89
3600 47
3300 2
4900 13
9400 23
4400 4
3600 45
400 68
7700 43
6900 13
9700 21
8100 32
2600 41
8900 63
8400 69
5400 36
5100 97
2800 29
4800 21
1800 85
7400 5
8100 6
9400 89
7200 70
1600 40
2300 87
900 89
3600 38
1600 71
5000 4
1400 65
400 8
5100 48
8900 2
1100 45
700 65
5000 49
5700 1
200 82
5500 74
6700 96
6600 84
1700 69
1200 2
5700 18
2300 69
1200 3
500 21
2400 28
6200 45
4100 17
1800 20
9800 32
8500 42
2700 32
8100 7
6500 37
5100 51
3900 63
8700 17
9800 27
9000 5
900 20
3600 47
8100 40
9600 16
3100 83
9200 66
2900 39
3400 9
6000 11
100 98
6000 45
5800 74
1900 4
4100 94
8300 28
2100 73
1200 73
7500 58
3900 3
6900 73
