30000 200
8800 17
3300 50
6400 84
2200 80
4200 95
2900 39
900 67
8500 64
5700 73
6800 49
8800 8
4200 86
8000 6
2400 28
5000 56
3600 97
6200 79
3500 12
3200 42
7700 58
1100 13
8200 82
2600 60
4200 70
500 37
1600 35
6700 66
4500 62
7600 1
400 87
3100 88
2600 82
4800 25
200 21
1500 64
2900 30
300 30
2200 7
7200 70
1300 88
5300 20
7600 61
6100 12
1300 45
4000 54
5500 49
3000 25
4700 29
2700 70
6400 26
7900 57
4600 57
9400 55
8600 81
7500 64
1700 99
7600 42
1200 89
1900 50
2400 36
8200 18
2000 2
8900 79
2400 97
9300 20
7100 12
3100 11
6300 20
3800 89
6500 15
8800 81
1000 13
400 23
1100 68
6800 25
8400 23
8300 31
3300 52
9400 12
8700 97
8800 41
5100 76
1400 2
8500 81
9800 17
300 9
3600 55
1600 51
3200 88
6100 28
1000 6
9900 37
8900 87
1400 49
2000 80
8800 31
400 23
4400 64
1600 86
500 53
9000 56
7900 85
9100 73
1900 34
1300 59
7900 13
1300 58
6100 69
400 79
100 52
6400 24
6700 30
600 41
6200 28
9600 40
1500 29
4100 62
1600 21
9900 40
2200 69
5500 52
9300 24
4800 32
4100 62
5600 50
6100 29
8200 81
500 51
8400 9
1300 43
9100 39
9500 79
4000 9
3200 8
1900 37
8900 64
7600 40
4100 19
100 58
3300 27
7800 98
3100 35
5800 91
900 1
1300 89
7100 55
7600 68
4100 91
6700 99
1800 67
3100 39
7700 68
2200 76
2200 44
5500 41
1600 73
3700 90
2600 39
6000 87
6100 65
8300 87
5300 79
3600 48
1000 64
1700 12
1800 83
8600 9
8900 55
7400 99
1700 71
7300 64
3500 21
8700 94
1900 14
8800 97
6400 7
7900 44
7100 48
2400 42
2900 64
4600 42
800 61
5000 92
7700 38
1500 87
3400 74
4000 99
500 4
5200 56
500 82
6800 98
7400 64
2300 35
1200 78
9700 16
5600 10
8600 37
9300 7
2300 2
9300 67
