40000 200
6600 71
3400 39
4800 58
2700 73
6100 86
8800 9
5900 27
3600 1
700 96
9600 77
9100 74
8300 35
3200 99
8800 73
3500 37
2700 24
9000 30
2500 98
1000 4
1400 3
3000 53
4200 84
4500 27
6600 84
9600 11
8000 81
7100 72
100 46
2000 46
700 11
8300 17
4500 75
5600 95
8600 59
600 63
8600 89
1000 36
5200 58
4600 54
2600 69
6300 56
2700 15
8300 10
100 76
2300 71
1400 57
2600 9
3500 12
4200 40
800 98
1200 49
2600 58
8300 68
4900 52
8700 19
5300 35
1000 30
7000 36
1500 11
3500 74
5700 62
3900 80
3600 47
8600 7
2100 25
6900 86
3200 44
200 3
3700 65
6100 98
2300 26
300 86
3400 59
2100 25
5900 57
4400 15
9900 52
6000 63
7400 3
2200 22
900 40
4600 42
3600 51
1700 9
2400 73
6900 12
4100 35
2900 86
1800 75
4600 26
6100 72
9800 12
5000 29
5700 84
5300 77
8000 94
400 1
4500 41
2700 8
3500 17
2100 95
7800 49
3500 39
3500 20
5200 90
2000 79
8100 26
3300 73
8000 23
6300 99
500 42
6400 11
6800 93
6300 89
7700 95
1900 73
3000 46
8900 63
4400 50
1700 63
8400 83
6200 52
5500 57
7300 11
5100 83
1800 27
3800 56
7600 27
5900 13
9500 88
7300 11
7000 16
8200 12
7900 2
3200 51
9100 80
7800 47
6600 17
2300 45
9000 87
7700 91
8000 64
7700 81
3300 86
2500 4
9700 62
3700 12
5900 33
8400 95
7200 97
2000 26
3100 65
9900 66
6700 88
3900 7
4300 20
3400 33
3500 74
6600 43
7100 1
3200 8
3600 63
6200 53
1400 74
4000 50
2100 22
1600 92
3600 95
8800 88
200 71
3700 98
8200 36
5600 37
1600 12
9100 48
3000 97
5500 44
7400 41
8400 56
400 26
9500 15
6600 11
2900 13
2600 73
700 25
4700 3
9700 59
5100 48
1700 70
7700 46
2000 88
3500 36
6900 12
7600 56
3300 45
5800 73
4400 32
9300 17
7800 47
2100 35
