15000 200
200 26
4700 67
4100 62
900 34
9100 59
2800 28
4900 89
3900 30
400 43
1700 76
3000 84
6800 72
4300 14
100 98
300 65
700 53
7000 4
5600 54
9000 80
500 28
9100 54
3600 19
1400 9
5600 42
9000 47
6400 16
9300 46
700 81
8200 82
100 82
5300 7
2100 56
2200 18
7500 94
3700 19
4600 49
2500 19
5400 35
3000 75
6600 87
2100 19
1800 26
6300 44
1800 7
1000 9
1600 9
1500 77
6300 20
8200 65
7700 25
9300 29
4000 16
7700 38
3900 92
2100 83
6300 5
3300 22
2000 72
3100 5
7800 79
600 39
8800 93
4700 72
7800 71
7700 3
800 66
6200 21
3900 78
900 20
9200 6
100 85
400 61
4200 84
9200 69
8900 7
3400 41
600 46
200 28
9900 2
9100 41
8500 57
9400 89
8400 83
4100 94
2100 57
8500 75
2800 50
4200 3
700 97
6100 50
4900 20
6900 49
4900 7
6100 40
4400 63
1100 61
5800 68
1200 7
7800 36
9500 19
8300 64
2700 55
4900 99
4200 5
2400 59
2800 28
300 18
5900 21
8800 74
8700 69
1700 54
7500 32
5300 43
6900 77
3200 69
2300 99
300 61
1100 42
6400 23
1000 2
2100 39
1400 8
4600 30
200 20
5000 29
700 81
1100 99
7000 15
8000 63
9500 65
6700 46
500 22
5900 26
9400 28
6000 74
7600 62
2700 39
8100 33
6300 39
1500 33
8300 35
9700 14
7700 20
2000 86
2400 75
8400 58
3300 46
3700 14
9200 28
4500 76
9200 82
7300 55
5400 22
6400 33
2500 31
2300 9
4600 43
8800 64
5400 77
8800 40
9300 79
5800 55
8300 43
9800 93
8300 96
4700 44
6700 98
400 5
1600 70
7600 76
700 70
6800 81
6500 48
3000 86
3000 99
8200 75
6900 56
3300 8
7200 7
6700 96
6100 5
7500 11
9500 41
5400 81
5400 76
5400 24
5300 85
4000 62
3200 97
9800 55
4900 9
4700 82
8200 32
3500 50
7400 77
2500 80
4100 66
6200 67
3100 2
400 42
