20000 200
2700 84
3600 71
2600 96
8000 22
1400 26
7900 92
4600 58
3900 11
1500 91
9100 58
1400 41
600 76
5200 43
4100 3
1000 60
700 6
1100 57
5700 84
9600 11
7100 40
9400 65
3700 56
7800 45
1300 29
6500 69
4300 6
8600 9
2800 65
3000 55
8700 14
9900 29
5300 96
6800 78
6600 33
3500 11
1600 12
5400 81
7800 41
6900 49
6300 77
7900 97
8700 3
9100 89
5800 65
8600 43
2400 80
3800 3
7600 98
7500 77
6900 73
6800 88
2800 53
9700 75
6800 81
1800 92
7200 1
9000 6
3700 59
3800 89
9900 30
7100 80
7100 74
200 72
3000 33
5600 50
8600 34
5800 21
4200 25
5800 6
2000 53
8000 12
7500 31
3400 29
4000 37
2600 44
9700 49
4900 17
6600 74
2700 90
9500 47
1100 81
4900 11
2500 60
8300 14
3700 6
9500 63
8500 83
3900 27
4600 85
9200 17
3700 82
3500 14
9600 7
2300 7
7000 90
900 2
900 83
9900 9
3000 69
9200 38
7500 88
4400 79
7500 39
9000 13
8200 69
7000 30
7500 70
7700 10
7600 91
2800 16
1400 55
900 8
9600 37
500 24
3100 78
7500 62
4300 79
3600 87
1300 62
9600 44
1100 13
8600 25
4900 73
800 16
5600 83
1500 58
7500 61
900 29
600 43
3600 60
8800 91
4600 94
2800 50
9800 28
2300 61
3800 6
5900 69
6000 56
7700 77
500 45
1100 42
4000 44
5600 86
8900 21
5500 33
5600 79
2500 34
9700 66
9700 37
8100 30
1600 50
8900 41
600 95
6000 76
5800 66
3700 33
6500 62
800 19
1100 88
7800 21
5900 39
4900 12
5200 57
2900 96
5700 77
6800 25
6800 45
6000 54
6000 68
4200 17
600 81
6100 78
7800 33
4300 32
3400 51
7300 89
3700 59
6400 76
3900 52
5000 30
4300 2
8900 81
3000 44
3200 67
2200 84
8300 79
2900 71
9700 84
300 61
1200 24
8900 17
6500 47
4000 31
6600 50
8900 5
5500 53
7900 79
8400 10
2300 88
6700 92
