35000 200
4500 3
4100 24
1700 31
800 25
5600 98
4700 60
400 43
5600 58
8900 17
7600 75
1100 33
6600 7
4400 38
1800 18
6800 74
3300 39
7000 50
3600 96
3400 64
9800 95
9400 29
9500 93
1500 56
4500 61
3600 32
3700 2
8700 60
6400 50
5200 53
7800 30
6300 45
9600 5
6200 53
600 3
9700 19
3300 63
4000 21
6400 94
6100 66
7400 83
5800 74
3700 50
6400 88
8100 59
9200 76
6700 54
9100 26
5400 21
9400 46
8600 69
6700 93
8400 78
9500 37
6700 9
4700 72
400 63
6900 7
5800 93
3900 9
2600 42
9300 81
1400 65
1200 15
3100 69
2000 13
6800 31
8700 77
5800 77
1500 6
1900 2
2100 93
1400 21
2800 26
9400 56
3300 19
9500 31
7800 2
3700 5
5100 48
2100 45
6000 90
2300 1
9500 78
8700 33
6400 93
4100 73
1400 99
5300 61
5800 1
1600 92
5000 57
7200 7
5300 93
6100 31
2300 1
4100 2
8200 34
8500 70
7300 65
4700 90
6200 98
5300 38
5700 96
1600 62
600 96
6300 71
2200 29
3800 67
2700 21
8700 56
200 26
2100 4
1300 22
400 62
7900 50
2900 33
8000 14
5700 37
9600 66
2900 42
5100 7
9000 42
700 33
2500 54
7400 41
6700 46
5100 52
6200 89
8500 75
5100 16
5600 66
700 83
3900 68
3300 18
7700 66
2700 4
3200 57
5100 46
1700 10
1400 56
5400 93
9500 1
7300 71
9100 28
6200 29
2700 14
4400 10
7200 66
9700 56
5200 11
6500 20
5200 82
9900 14
4800 49
5100 4
3600 78
5200 86
7800 16
9300 31
4000 98
8400 32
6500 28
7600 71
2700 33
2800 23
8000 90
9400 89
5500 1
9300 56
1100 91
4200 67
4600 3
8500 45
1400 9
3200 54
4200 36
500 95
600 96
1600 78
3000 41
9800 56
1500 7
6100 77
7900 48
1000 55
5000 57
1800 29
6600 49
2300 5
9500 32
5700 49
6200 56
2800 13
8300 71
3400 58
4700 35
9100 28
7200 50
600 4
4800 45
