10000 200
5600 84
7300 95
9800 64
4100 65
3300 74
6800 17
5700 3
8600 24
1500 89
5000 20
9200 26
3600 67
8900 8
5700 77
7900 40
9000 4
2900 93
8000 99
5400 9
5000 20
1800 18
1300 77
7600 41
9900 58
3800 33
4400 96
6000 97
7700 67
2700 5
6000 23
5400 38
7600 78
3800 17
7800 28
7900 20
9100 50
4100 55
3600 88
4100 45
7100 87
2700 70
6600 56
2500 73
4700 3
5000 27
6300 58
8100 19
5600 27
1300 68
8300 21
5000 16
6300 40
2700 64
1100 37
1000 47
9800 96
1000 52
7500 32
5700 97
5900 10
6600 64
5400 10
4100 54
3500 92
8200 9
6000 58
8700 9
2400 34
9400 7
9000 74
7800 79
6800 53
7600 83
7200 94
9400 28
2700 88
2800 41
9200 92
4700 94
7700 97
1100 81
9800 91
7600 66
8100 22
7200 17
9600 78
7900 43
3700 25
2800 1
800 99
1400 47
4800 25
900 82
6200 75
1000 3
6500 91
9400 81
4100 57
2700 68
2600 3
1100 99
4000 38
6600 88
6100 93
7200 6
2800 23
9200 20
900 18
7800 12
7500 73
9100 7
500 45
600 60
2900 17
8600 20
2700 8
9500 88
8400 7
600 49
6000 56
3800 25
5000 2
3300 26
1100 81
8400 6
6100 29
7700 83
8000 88
4200 24
7300 26
7400 74
8500 97
8400 38
5900 39
5000 57
5700 87
3100 57
1600 9
9800 48
8600 10
8700 90
2000 65
4800 75
1600 75
9000 28
1500 54
9500 89
6600 70
9100 64
2300 82
1700 85
2800 18
6000 7
7100 75
3600 62
5000 98
5900 83
7800 48
3500 54
4500 88
2500 94
3200 22
8000 24
1200 84
2400 53
3200 3
1900 56
6600 46
1100 28
2600 33
4000 34
800 98
7700 18
2200 34
5400 93
2100 42
1500 85
8300 98
2300 39
3900 63
8700 73
8200 99
6200 63
4300 33
7300 41
2300 99
5500 40
6800 57
7900 1
6300 78
1200 7
8300 28
9200 31
6300 24
2600 35
9000 48
4000 26
300 48
8800 72
2000 72
