45000 200
800 13
3300 76
7000 62
7100 98
8700 87
2000 31
8200 45
2300 39
5500 80
7800 28
7100 84
900 83
600 88
6100 68
8600 80
6400 69
3600 52
1700 6
7900 86
9400 97
3700 21
6300 75
6700 47
7200 4
6100 75
9400 13
2000 78
3200 7
8100 41
2400 59
6300 45
7700 99
9100 77
1700 11
7300 27
1700 53
6100 46
5800 77
6300 65
1800 87
7300 66
2200 55
2400 55
7300 8
8300 96
2700 75
1500 55
7700 3
3600 65
1400 36
7300 66
8100 46
2200 76
4600 98
5100 65
5600 89
700 96
7900 47
9700 85
9000 83
2000 98
100 64
9600 19
8500 97
8600 19
7500 37
5800 68
6600 61
7400 70
4600 64
3700 87
9500 32
300 93
3100 82
7600 23
8700 85
1200 74
1500 3
400 88
2500 73
5300 53
5000 24
8400 78
2900 17
3500 90
4200 5
7500 62
1900 54
2700 70
8200 58
8600 68
2400 5
4800 90
100 76
9200 22
3200 68
3700 19
5100 31
3200 83
9000 96
8000 44
9700 82
8100 5
2200 42
900 87
4900 87
2600 25
300 64
5600 23
6700 53
4600 70
7800 60
8600 63
4300 8
2100 93
9600 5
1100 81
4300 44
2600 24
9500 72
1300 87
7800 24
3800 14
8600 70
1600 86
2900 1
7400 75
3500 8
7200 76
2800 63
7900 69
1100 83
1000 73
5000 27
2400 43
1400 86
3300 21
6100 57
5000 52
6400 76
6800 41
3100 94
4600 61
4400 82
1300 55
1800 1
8000 3
4700 50
4300 10
3800 14
9900 59
9800 97
3600 42
6500 35
9700 61
9200 94
9900 93
7400 80
8000 90
2500 21
4700 72
100 41
6800 33
6200 37
9300 3
2000 87
7300 3
500 30
2500 98
9100 7
7200 87
1400 43
8700 48
3700 14
7700 51
6100 32
8200 30
300 94
3500 94
300 62
300 2
100 9
1100 76
2000 14
9700 88
6900 92
2100 95
300 14
2600 73
2100 35
3100 89
8200 59
2400 17
8300 23
2800 99
9800 45
5200 51
4800 51
4700 87
4600 33
