50000 200
3600 94
8800 71
9200 65
9400 47
7000 44
400 55
9200 45
1500 59
2200 39
4200 15
7800 50
9300 28
3300 7
9800 94
3800 8
2600 56
8600 43
9500 5
9700 85
3400 86
7500 76
9700 73
5000 64
1200 91
1700 42
6200 43
7700 61
2900 93
3700 58
3700 72
3900 59
3500 31
4700 34
300 52
8900 56
100 81
7400 93
8600 49
4000 34
200 69
7100 44
5100 50
1300 27
9200 16
6300 71
6000 14
200 99
2500 4
8800 68
1800 42
3200 39
9500 7
5400 28
4700 48
5000 64
4900 59
200 86
9900 95
5500 24
900 55
6100 47
3000 85
6200 67
7900 88
6700 92
7600 6
1300 15
8800 94
4000 37
9000 30
2800 89
9500 11
2600 38
7200 74
2500 9
1900 87
3700 58
5800 89
1400 43
9100 72
3000 88
9000 23
700 38
3700 98
1900 99
5400 4
3200 28
7400 80
9600 75
9900 66
2100 14
800 97
8600 48
1200 77
9700 1
4600 2
800 91
8900 98
3600 6
2700 86
2700 49
5200 92
4800 66
2800 6
2700 65
1300 28
4700 59
9800 35
4600 61
3500 27
3500 22
9300 56
700 31
9300 43
1200 44
4000 16
3200 86
7100 81
3400 99
8800 63
400 42
9500 1
1600 34
1200 49
3700 55
2400 54
5400 85
9200 54
9700 10
3400 27
2100 49
1800 85
8900 94
7500 70
1700 71
500 83
2100 63
4900 91
4800 55
8600 69
3400 3
8800 98
2300 60
6000 84
7700 95
2600 87
7400 16
9000 53
1600 44
9300 98
8800 77
4800 67
3600 34
3400 66
8700 62
3000 35
8800 42
2000 16
6600 27
2200 59
4600 84
7900 33
2600 19
2000 30
1400 35
3500 67
2900 7
7500 86
3800 13
2400 17
3800 52
4900 12
1500 76
5500 89
500 47
4300 68
7900 20
7500 30
2700 53
6700 76
3000 13
4800 55
4700 78
3700 17
3100 72
1400 28
1900 82
7000 84
2200 82
200 76
4800 84
7900 8
4900 48
2100 38
2400 40
7800 29
1300 97
3600 79
3600 82
2600 37
