25000 200
6300 4
2400 50
9100 47
300 99
1400 19
700 72
6200 54
7200 99
3700 37
300 8
7500 64
1200 7
6700 20
6300 16
5900 23
2600 36
400 59
6800 41
7200 84
7700 16
7100 99
3000 82
2800 50
2900 74
1800 78
5200 54
1100 2
8600 71
3300 34
7300 27
4500 56
3400 43
6300 12
300 85
9000 53
100 53
3600 36
5400 46
7200 99
9600 82
5200 95
7000 54
2800 82
1700 36
1500 63
4900 35
3800 88
1800 78
2200 56
6300 46
7100 72
6100 53
2700 4
2200 28
6700 54
600 77
6300 10
800 51
6100 49
4800 53
5100 85
5800 99
3200 25
6000 33
2300 84
600 40
4100 89
200 12
7300 62
500 28
1200 47
2600 14
5700 31
9100 22
4500 58
6300 42
6900 2
5600 3
2300 19
1600 71
3500 11
3900 33
300 42
7200 41
4600 68
6000 4
9400 5
1500 84
6100 50
5300 45
9500 10
2800 62
4700 77
2900 37
2100 47
800 94
6300 45
2500 52
3300 11
2300 62
8300 50
6100 49
8900 56
100 82
6100 70
100 11
5700 89
9200 26
8300 22
200 80
7800 79
3100 48
6700 98
8300 84
9000 99
3000 63
3500 5
9600 28
5200 16
2400 33
8100 14
8400 18
5600 31
6300 76
6800 63
5800 68
7500 41
9500 45
7800 91
4100 7
3200 25
7500 40
2900 7
9800 56
8600 81
2600 53
8000 68
6900 83
7300 14
7100 40
1800 91
6600 2
9100 9
3000 45
1500 36
6000 76
4800 39
7200 68
9100 7
7600 77
9200 8
7400 8
9900 70
9100 13
7800 61
7600 31
4800 67
7100 81
9300 37
9300 26
4600 85
7000 9
300 14
5600 56
7000 14
7400 82
9100 62
9200 64
9900 23
500 35
4100 51
4500 31
3200 38
2000 29
9800 36
6900 11
3000 72
5300 54
2800 10
1600 39
6300 96
7700 85
4200 83
5100 64
800 7
4800 7
6600 54
1500 2
4200 82
7800 39
9700 84
3500 58
300 74
6800 48
3200 27
2600 91
2100 83
4900 84
1000 97
9300 83
