50000 250
6000 6
7800 81
2600 41
900 3
2900 70
8700 72
1700 80
8300 81
7500 49
700 32
600 5
2700 78
1000 98
5100 38
5500 68
2300 55
4800 60
5500 15
7200 11
1400 45
5800 49
9300 18
1200 3
900 85
500 11
9600 93
9200 10
4700 33
2500 57
4400 81
6000 3
9200 67
3400 78
3500 21
2900 95
3400 13
6900 29
7700 12
8500 75
3700 9
9700 72
6300 74
3700 35
6300 98
6400 45
8200 51
9400 73
3300 59
4900 61
9100 14
4000 50
6500 92
6800 33
8500 97
5400 22
5000 13
300 41
2300 81
100 65
8500 65
8100 98
5700 23
2600 23
4600 4
7100 80
6400 43
6900 84
9600 46
300 52
7600 82
9600 37
2900 16
2200 23
2900 95
6200 97
9900 26
7200 48
9300 6
3500 53
3000 11
7500 84
8100 22
1800 26
8100 6
5500 18
2000 35
8900 69
4900 4
2500 70
3500 1
6600 72
7300 18
3700 59
8100 14
9700 11
800 82
9000 39
7400 13
2500 1
6200 80
900 54
8900 96
100 27
300 49
6600 30
3100 53
9500 49
4100 98
6900 76
5500 24
6300 57
6200 2
2000 39
3800 46
8700 38
9700 57
8800 39
100 42
5000 57
400 7
4200 16
800 34
1400 73
6100 44
1000 20
7700 32
6300 47
3500 75
8900 12
1400 8
6900 28
300 35
2700 19
6100 28
4700 47
9200 86
1100 48
3400 78
9400 89
700 7
4300 92
3100 93
8300 57
4900 30
200 21
5200 44
6500 37
100 34
1100 84
5100 56
2800 40
7700 26
7600 14
2400 86
3800 56
7400 23
2800 73
4700 99
6400 6
1200 21
5800 98
2300 91
3600 52
9000 33
4400 99
8800 10
4300 94
6300 92
6900 58
6100 27
9400 35
9500 91
6400 32
3400 23
8400 67
1900 1
2100 32
4400 4
6700 39
4700 32
2400 17
100 7
4000 56
8200 95
2000 48
7400 16
9700 83
4000 53
1400 69
3300 53
6300 57
9600 52
1900 93
3600 66
9100 20
7900 76
9800 5
7700 72
5600 35
5200 59
9200 49
1700 30
6300 67
1000 16
1300 99
8100 39
1400 40
3300 51
6000 3
300 68
6300 2
3100 61
8000 5
100 68
9100 82
7000 8
3800 95
5600 66
7500 53
7100 59
8500 2
1500 79
1700 27
4400 67
5400 99
7000 7
4500 6
7900 83
4600 11
6000 36
8400 16
1200 98
5600 71
6200 51
700 16
6000 24
3000 28
1900 57
7600 76
2700 87
5900 1
8100 65
9700 68
4500 84
1800 71
9500 94
8200 55
5500 68
9800 2
9300 74
