10000 250
500 79
2700 48
8900 70
300 33
6500 60
9000 27
4000 63
4100 23
6200 27
1700 61
2000 35
5600 87
400 17
4400 58
3900 80
1900 91
5900 45
300 30
5300 88
6000 12
6800 39
600 90
1300 29
3900 7
8500 36
4500 51
5300 61
4200 95
5200 65
7700 26
2700 12
6400 65
5300 5
7500 58
7200 44
3900 38
4300 90
9000 14
3200 52
5800 83
7500 79
3900 30
8400 93
4900 67
800 68
9400 54
9600 96
9800 72
2200 46
1300 63
1600 26
2500 25
7200 38
6000 87
5200 20
500 46
4500 10
7200 78
1900 81
5000 54
9400 53
3700 9
4200 86
3500 72
3000 2
7200 87
8000 92
8700 56
1300 47
8400 99
3800 89
4000 90
4300 25
800 43
4400 20
4000 32
8400 85
6700 25
6900 96
3500 48
8600 52
4400 85
8200 98
6000 29
1800 97
9200 81
8900 70
4100 43
3900 66
2400 45
7200 23
200 79
7000 90
4800 20
700 18
6100 48
5400 43
2600 68
7100 23
4200 33
9100 61
5300 85
6900 44
4800 64
2900 89
6300 18
5900 87
1000 7
2600 68
2600 29
3600 72
4500 31
200 81
5400 55
700 4
6400 83
9300 13
9300 23
2600 24
5500 50
9000 39
8500 57
5700 54
700 96
7000 40
3900 29
6300 38
2800 9
2000 46
8900 45
7500 66
5400 28
5900 96
3400 19
6400 65
7300 63
2000 97
2900 61
2300 60
9200 60
9700 6
1600 48
8800 84
9200 29
7600 28
2500 52
4600 31
600 52
9100 81
4400 12
4000 57
4900 65
6400 97
6700 25
1700 62
7000 41
1300 29
3800 22
500 31
700 68
8300 41
9700 38
7300 27
5400 75
5400 9
1400 25
6300 24
6100 58
4000 14
100 60
4200 21
9500 44
9100 95
1100 63
3500 66
4200 41
6300 38
2500 59
5100 24
5400 55
8800 88
5700 3
7300 97
6200 50
9500 65
8800 93
3300 84
7600 60
1600 16
1400 61
1000 30
1500 52
7900 78
3000 99
9900 14
5200 79
5000 21
6900 69
4900 51
7100 52
3100 59
9800 24
9900 50
5700 65
200 39
5400 18
8500 65
3200 57
6900 34
7100 55
8700 74
8600 35
8700 95
7300 53
1100 51
7700 5
5700 41
3800 56
8400 47
800 81
4700 83
3600 95
6000 47
4400 29
3100 81
5000 85
6600 75
2500 43
5300 3
5400 88
3100 10
5400 58
7300 15
5800 8
200 90
3800 22
7400 38
5900 14
400 74
8800 61
100 86
2100 57
200 1
400 72
7900 33
5100 46
1700 13
400 87
8900 64
8000 51
