25000 250
4400 26
6500 32
4400 33
9800 25
5100 6
1600 31
200 74
700 78
8400 69
700 18
200 58
8500 62
1800 91
7600 63
9900 97
3100 31
1900 94
5600 47
2800 16
5900 83
2900 60
7000 51
1200 8
8000 33
5000 31
8200 36
9900 92
5600 8
7700 86
4400 15
3900 53
3700 58
7900 70
9100 11
8000 40
6000 62
7100 93
7400 16
6800 64
1200 66
8000 22
2900 67
9700 18
1500 96
8500 45
7100 93
6100 94
8000 58
500 48
5000 82
5000 77
5000 98
7900 94
4900 25
5800 19
200 4
6500 53
9700 1
8200 84
8600 60
2800 46
1800 8
5000 27
3100 19
1000 68
2300 59
5600 97
7600 50
7600 91
9600 41
1300 45
9400 40
2700 82
1000 69
2700 99
7900 76
7000 8
9600 16
9900 49
8900 43
2700 72
4700 29
8600 52
9200 64
800 48
6100 11
2300 1
600 18
9500 78
1300 32
4500 76
5600 48
7700 91
4800 46
7400 35
2900 51
6300 19
100 57
8100 61
6000 41
6600 99
4800 74
7900 2
7000 39
1200 31
5700 88
6000 7
8200 35
800 9
8600 51
7700 14
5300 30
9700 79
6900 95
1300 58
4300 32
7000 51
100 29
3900 83
2000 97
5800 30
5600 10
1400 82
4200 6
5000 79
8800 37
4700 61
1200 13
6600 25
4600 51
5800 41
4700 3
8100 20
1100 68
100 23
3600 23
9800 70
8300 68
6800 39
1800 67
4700 38
5200 19
900 18
8200 71
4100 38
600 9
1000 54
6000 28
4900 56
6700 27
1600 50
9700 54
4000 85
1100 14
600 11
7700 84
8200 9
5700 12
7300 77
1500 36
7900 73
700 78
600 23
1100 1
3000 63
7900 58
8100 27
6800 8
8100 75
8100 6
1900 31
5300 45
3200 24
9000 49
4900 22
9000 85
400 38
5000 2
8600 62
6200 96
8600 31
3200 15
3400 5
9200 45
3400 54
4400 30
7600 19
8300 76
7100 31
5800 80
4200 28
7600 44
300 17
3100 19
7300 16
4600 50
8300 56
5400 13
2000 84
8200 40
8000 56
4400 20
5000 62
4900 49
3300 1
2000 7
6800 19
6600 69
400 80
5700 50
1400 45
8000 22
8300 82
6000 46
6700 77
9800 28
4500 71
9600 73
6900 74
9200 19
8800 60
6700 75
4700 6
2300 30
5800 75
200 1
2400 62
3400 80
5100 36
900 31
1800 82
5400 32
100 96
8500 70
6300 99
5700 68
2900 32
600 46
9000 42
6400 48
2300 89
200 60
700 1
4600 40
6500 42
2100 34
6400 22
8100 39
7300 47
3000 12
