35000 250
2900 64
3300 10
1800 68
1400 21
200 60
6600 68
6000 39
7900 47
600 40
5500 26
3400 28
4900 71
5000 59
4700 57
5900 18
100 73
8700 71
9100 19
4500 17
6500 55
4800 67
400 74
4700 96
3400 52
9900 29
4700 59
8200 96
6000 89
2100 47
9400 6
600 2
4800 26
7000 71
7500 56
9400 14
1700 87
9100 42
1900 1
1400 88
9400 87
400 23
3100 28
5800 76
2200 32
300 58
8900 85
9700 71
1900 83
4900 93
5300 3
1100 33
8600 14
2200 79
200 47
3600 80
1500 20
4900 37
8300 92
8700 15
1500 29
3300 69
400 48
8900 93
7000 40
6200 24
6800 46
5600 41
8600 81
5000 15
4300 67
2500 43
6200 33
4600 80
4300 48
9800 42
2000 43
9400 99
3300 86
5700 10
7400 35
7200 82
4000 2
1100 65
200 15
6000 28
8200 90
3600 44
1700 78
6600 51
3800 67
500 26
7800 47
3500 25
1000 17
2000 39
8900 67
2500 86
8300 73
9700 84
6300 54
4200 22
9800 33
1300 85
3300 4
5800 57
6200 67
3300 15
1500 40
5700 26
4700 7
8100 64
3000 2
7300 51
3700 73
8600 56
500 72
4200 4
4800 59
7500 52
7500 23
9400 3
400 21
6500 72
9500 74
6600 26
3100 84
4200 35
9000 19
5700 77
9900 86
6100 13
8500 52
8300 97
600 83
2000 57
6000 13
8300 59
6400 18
8500 20
600 43
4900 33
1400 41
9000 27
1300 52
3000 76
9500 29
900 2
6700 5
4800 99
6300 95
5100 89
8600 14
5300 6
1500 7
7200 91
400 50
3400 44
4900 2
9900 72
1800 84
3400 80
3800 90
7700 32
8400 73
3000 27
1600 7
1000 52
2000 81
9500 4
8400 28
2800 98
7700 54
3700 88
6900 83
5100 11
7300 3
3600 84
9800 36
5400 13
9000 36
8300 19
6700 52
7400 92
1400 1
2800 65
7900 60
6800 4
1000 71
9700 96
6000 82
7700 95
6300 56
2600 3
6800 43
8800 88
7900 92
3600 99
7700 10
3000 16
5800 55
6800 25
8300 30
100 24
6000 85
7500 70
300 72
6600 94
8300 62
7600 78
5400 12
3500 26
3600 40
900 53
4700 25
5400 52
9700 11
7700 28
1500 33
4500 21
9900 33
6000 26
3500 11
1900 64
1800 15
7000 3
1100 85
7400 67
7700 54
1900 81
3200 1
6000 73
5700 47
200 85
5800 12
100 52
2100 72
700 48
6900 86
9000 91
7600 95
9000 80
8300 82
1600 2
4000 73
8900 53
300 90
6300 79
5500 64
6800 47
2200 81
