45000 250
4500 15
8600 74
7400 5
4900 57
5400 94
6600 1
8900 20
4400 13
3900 90
5900 60
700 38
8800 80
3600 86
8000 97
4000 19
8600 44
3200 63
3000 79
9400 50
3300 17
700 99
1200 14
3200 97
2500 1
5500 41
2200 35
6100 4
900 58
7700 88
8300 22
7500 63
7800 7
1700 26
9700 81
8500 62
3700 81
3000 91
2700 47
8600 45
1900 73
4500 90
7200 33
7200 46
4700 43
8500 20
4500 21
2000 85
9100 78
1200 5
2400 30
3600 73
5800 74
4100 45
6200 24
1200 15
900 61
6200 14
5200 61
3000 96
7400 96
900 14
2600 76
1600 86
6600 32
3400 97
2200 17
7300 23
1500 75
8100 61
8400 6
8100 81
6200 40
5900 86
2400 40
6500 97
4700 68
4200 37
8500 64
3400 50
3300 45
1700 63
5500 60
9100 13
7300 6
9100 5
6200 46
6400 29
2700 13
5900 26
5000 82
9100 48
4400 55
3400 19
6400 79
4200 32
8400 33
2800 26
7900 48
5900 43
7600 21
2800 42
9800 33
8300 43
5600 50
4100 26
3100 8
9100 50
3400 56
9300 48
1800 16
6500 47
8800 17
7600 1
1600 10
9800 33
1900 68
4200 52
600 19
500 56
800 31
4200 1
2200 24
7100 28
400 70
7900 28
6300 76
4600 7
7800 36
700 44
3300 40
1200 39
2900 72
7600 29
1500 85
4500 66
2300 1
6100 78
3100 72
6300 34
8300 48
8200 29
7500 87
6900 65
6900 16
5100 57
9000 46
8000 97
7500 61
8600 95
600 2
9700 49
8000 49
8500 17
7800 84
700 48
6200 38
2300 85
1400 25
4500 48
9400 89
3800 75
9600 13
6000 90
1400 48
7400 37
3400 2
2600 58
8100 96
5100 91
4000 24
9300 64
5700 40
8800 48
9200 25
6300 18
8200 94
100 95
9600 71
8000 80
5000 89
2200 87
2800 11
7200 54
900 24
5800 44
7100 67
7600 45
9300 68
4300 55
4600 10
9200 48
7000 68
1800 48
9300 17
9400 68
3900 28
6300 62
1700 1
8800 17
5900 5
9400 98
8400 32
2700 54
5900 5
7200 43
7600 84
7400 69
7200 40
3100 96
1000 20
6000 88
1300 76
3900 49
6000 83
100 67
100 97
9200 53
5700 93
5200 92
2400 27
6600 64
3600 26
5200 41
3700 59
2800 83
8300 98
4500 60
8600 75
4400 55
2000 38
9600 11
2500 23
5000 3
200 66
100 13
8800 83
6300 15
3100 15
3100 41
9900 78
4000 44
1400 21
3900 39
6600 25
1400 60
3400 56
9900 81
6500 83
3100 71
3200 80
