20000 250
500 61
7500 46
8100 38
8300 19
2200 48
9800 75
900 38
5000 6
6100 7
8500 36
3300 61
8600 19
8300 96
7100 78
900 11
4000 77
7200 49
2800 39
2100 25
5200 5
6700 19
5400 98
9900 90
5800 22
9600 11
8200 99
5400 9
6400 50
2500 2
8600 57
2500 85
2600 24
5800 6
800 73
9700 62
4700 42
7000 36
2100 53
2700 92
4400 74
7200 38
2700 99
500 76
5100 78
8900 99
600 87
8400 13
7000 53
8200 6
4000 54
7000 92
6900 67
700 58
4500 45
3800 26
8500 16
2400 65
1400 54
3000 66
1400 52
9000 2
3700 63
2800 21
2400 67
9400 45
9400 52
8900 78
8100 74
8000 91
5900 16
3800 10
1600 99
7300 31
7500 98
6200 71
7100 92
7200 20
400 22
1000 16
3300 99
5000 82
2500 35
9700 37
9100 64
3400 54
2200 86
4000 11
9700 79
1100 76
9400 73
9200 83
7900 16
100 60
8400 60
5100 54
5200 19
9100 43
2000 62
5300 75
4100 65
8000 69
5100 18
5000 14
3300 3
5000 13
6400 2
3900 31
7300 58
2900 20
8700 10
7000 15
4200 76
6000 21
8700 80
9800 59
3700 60
2500 79
3200 51
7500 58
400 16
1700 20
8500 60
9200 1
2700 72
800 70
3400 74
6000 56
1400 70
8600 83
8800 44
1700 97
7600 60
8800 79
4900 53
9500 38
5200 97
7700 78
2100 8
5400 8
2600 80
700 62
9300 46
8800 22
3500 88
1900 31
7300 99
4400 45
1900 91
3200 30
8600 8
8600 99
9000 7
9000 97
4600 48
5000 75
1500 45
300 31
2800 43
400 31
8000 95
7500 63
7000 11
8400 24
5300 63
5900 95
2000 13
2100 82
500 11
6200 70
4600 96
6100 38
9000 11
7000 96
8000 62
2200 8
3400 45
2300 6
9600 96
9600 81
7100 99
6500 89
1000 73
8000 6
7800 52
4700 34
3500 79
200 65
7600 95
2300 15
700 84
9900 86
5100 99
1700 61
9000 1
4100 30
3100 72
4100 32
1200 62
1200 32
2500 16
7500 17
2700 30
5700 44
3000 67
5900 2
300 78
2300 10
6800 69
5700 49
4600 2
5600 16
3000 49
3600 63
8200 15
8100 25
800 34
2200 80
2400 68
4000 63
900 61
3000 66
4100 30
200 39
8200 1
2200 22
4900 17
7700 83
8200 39
1600 88
5900 79
9600 98
2800 26
2100 38
8200 43
6600 82
9600 21
4800 99
6800 72
4300 36
3900 87
4200 67
6900 38
8300 10
9400 5
4100 51
4100 90
6200 7
2800 87
600 3
1000 7
