40000 250
3100 80
8200 40
3400 14
2200 52
4400 64
3900 4
5600 41
4000 31
7600 74
5500 68
3100 61
4300 38
5200 52
6100 81
2300 54
700 84
9200 81
3300 7
2200 1
5700 78
100 76
800 39
9500 12
7600 89
2000 71
3800 2
6300 94
3200 80
4900 27
4200 61
3500 37
7500 79
8600 19
400 84
9500 62
6400 29
4000 12
7400 49
6600 12
3000 93
2000 45
2700 48
4000 49
3700 74
9400 10
400 22
3700 29
6600 89
3700 61
1600 40
7400 59
6300 54
9400 37
6800 36
9200 54
9900 63
3900 66
9600 68
7600 43
6200 80
2100 38
4500 39
8500 28
5800 14
4300 2
8100 8
400 4
8900 70
2400 30
3200 1
8700 41
6800 25
5500 72
9800 30
700 21
7300 10
2100 60
2900 1
4600 63
900 62
2100 28
6200 63
8700 24
8700 93
2500 72
3400 53
7900 91
8200 24
4700 40
2500 24
7600 17
9900 19
3600 87
2300 77
5500 96
7900 24
1800 94
9800 6
3800 75
8100 38
5600 60
3200 60
5500 99
8100 21
9700 79
2000 64
3600 47
1800 79
3300 16
3300 18
4700 82
3700 19
7900 31
9400 99
4100 50
4000 1
6000 64
1400 80
8000 58
9600 40
7300 90
8000 17
1800 1
3400 60
600 15
8900 83
3200 13
5900 3
2100 43
6200 51
1500 45
6300 12
6800 45
2800 35
1200 56
5000 4
4500 22
7700 26
3200 53
3700 90
6500 61
2300 25
7600 52
1800 64
3400 1
3900 84
5300 46
1100 94
3200 67
6600 30
2200 97
6400 38
7600 92
5300 67
400 52
4000 89
6000 92
3300 63
4600 72
8800 83
2600 67
4300 93
4500 86
3500 68
100 91
6300 27
8100 56
6400 68
4800 62
1600 23
9000 45
8800 69
1800 7
6300 89
9800 69
7200 5
2900 81
500 20
900 77
5800 28
7600 21
5500 38
9400 73
7900 20
7300 44
7000 90
8300 49
9500 3
9000 34
1700 54
7800 21
1200 59
2900 30
4600 20
3400 3
2300 91
6400 53
6600 1
2000 35
1400 29
2300 52
1000 14
500 51
1200 86
5900 79
6500 91
5200 86
8200 52
1700 9
3400 25
600 80
6500 9
8700 88
8800 30
5400 38
8000 2
1000 98
7300 50
4300 89
4500 7
3100 97
1900 51
3100 30
8600 44
5900 10
8900 21
8900 81
8200 4
8400 46
100 83
5200 88
8500 46
4200 26
6700 70
2500 61
2300 11
1700 36
8200 78
700 68
6900 76
8300 57
9700 38
2500 41
4800 99
9800 1
100 23
2500 55
400 77
3900 32
7600 53
