30000 250
7700 93
4900 5
9800 90
5100 31
1200 35
1100 29
9700 35
8800 6
9800 99
7800 19
3300 25
9200 16
2400 36
5600 79
5100 35
5000 26
1600 15
7700 61
7500 81
4800 86
2400 62
1300 18
1300 2
8100 77
2800 84
3100 55
9900 32
5200 34
6600 25
8900 54
300 77
1400 15
4400 46
9900 4
2300 98
1700 32
6500 33
1300 96
9300 68
3000 7
2500 41
1000 24
4900 26
7200 47
8800 24
6600 36
9800 67
1100 75
4100 61
4000 41
8600 24
6800 20
5300 52
4800 14
8100 21
4200 44
5800 72
2500 11
8600 86
6800 56
4300 74
6000 16
5400 25
4500 14
700 75
1300 23
4500 18
4200 93
3200 74
5500 68
2100 78
5600 72
600 96
6500 13
6300 74
4100 45
8200 50
2600 45
3500 61
1300 94
3400 27
5000 77
8600 6
700 81
4700 33
6500 4
1300 58
2100 40
3100 58
300 45
5200 88
400 2
2500 11
8300 13
4500 55
6900 89
5300 14
5300 26
1900 33
7100 2
1100 70
9900 78
9200 16
9500 86
900 77
2200 9
1900 37
5300 92
4500 9
2700 85
2600 41
4200 97
2100 90
5200 29
5800 91
6400 3
9100 22
5400 24
9000 54
1700 83
6900 41
3000 43
6700 24
3900 90
6900 3
2200 2
1700 81
4300 70
2600 93
3000 72
8700 80
3300 92
8100 86
3600 75
5300 6
500 92
2400 96
4700 61
2700 75
1500 85
7700 25
2800 44
9400 55
2900 2
9900 46
3900 57
2800 38
7100 72
2700 38
5900 50
5100 3
6100 31
1200 94
8100 71
7400 46
9700 23
3800 28
2400 60
2300 62
3100 13
6500 43
9000 79
5200 86
8200 34
300 69
300 52
2800 18
5400 92
2100 57
7800 33
7500 96
6000 51
3000 61
3000 92
8000 90
7000 79
1500 66
9900 17
8700 70
9800 9
4200 49
4600 77
8000 39
4400 71
4000 61
3500 19
7500 44
1600 88
9600 1
2100 98
400 27
7600 50
7600 20
8600 84
4100 83
8800 30
3600 18
9600 39
3600 84
3400 22
7400 26
5200 7
3200 40
5600 40
9600 53
1800 86
7200 27
200 23
5400 61
4500 45
8500 26
8200 40
7600 64
4000 40
7000 94
7800 49
7700 91
1800 86
6200 76
5600 83
400 50
1100 31
4200 11
2900 16
7500 43
4800 34
1200 79
8300 74
7700 90
8800 82
2200 86
2400 66
9700 30
2900 51
600 39
6100 71
1300 97
8300 47
800 79
1000 15
700 1
600 69
700 59
5100 82
300 3
1500 67
5000 11
400 7
8500 54
7200 52
