5000 250
1500 88
7000 9
5800 9
5700 82
9300 57
7800 76
4100 84
8900 2
7500 6
2600 34
4800 32
6600 65
100 7
6500 61
5200 15
4600 77
7700 72
700 65
9100 38
9900 27
7600 5
3100 95
400 60
5400 99
2600 23
6800 60
2200 28
1500 85
2100 41
8500 29
1500 47
3900 83
500 76
8600 52
7100 48
1400 97
3100 38
200 88
3800 56
7200 61
7600 22
4800 91
2600 48
9000 14
9100 40
9700 84
3200 85
2900 83
5400 24
900 46
3100 34
5200 84
4600 19
8300 15
500 66
9700 35
2200 87
6000 72
7100 13
5800 71
7300 73
2600 63
6400 40
8900 67
3200 7
5400 49
4800 87
6500 33
7300 89
8800 85
1100 64
7000 15
1500 50
9800 38
8500 88
9400 68
3600 26
6000 53
3500 36
1600 14
7500 81
8500 10
7200 24
3500 10
2200 8
9400 37
500 86
4900 39
9200 40
7800 15
8500 57
3400 32
1400 14
6600 81
9700 66
200 17
1900 20
4400 82
9500 72
2200 6
1400 28
4900 46
3500 92
2800 34
800 53
7300 67
9100 74
3500 90
7900 91
3300 15
9800 80
5100 72
7100 34
8500 27
5100 89
8700 25
9500 38
1700 79
300 63
1900 37
9900 28
3000 76
9900 26
6300 17
4100 47
5600 41
9500 90
9500 34
2500 80
3500 24
4000 67
2900 58
2400 44
8500 17
9400 42
900 54
2300 42
1100 55
4500 98
6700 69
2500 5
2300 3
3100 19
2800 36
9200 95
4200 25
2200 68
3000 18
5300 86
4700 23
5000 31
7800 80
6100 70
3000 38
8400 13
9600 61
5400 68
6700 36
1000 38
1600 77
2700 65
2100 89
7400 12
9900 4
1800 21
9700 17
2300 95
8900 22
9300 70
4300 45
6200 15
900 45
5000 55
4300 45
1800 63
8800 38
1800 36
4300 33
2200 83
7700 44
7600 82
1900 64
3000 62
5700 94
7500 83
6100 84
1000 74
900 56
3400 78
3200 99
9700 39
7300 81
6500 96
500 2
4300 7
5700 83
600 25
3200 70
4900 24
2300 58
500 12
7800 20
1200 60
6500 25
7100 17
9400 93
7500 39
4800 88
1600 33
4200 10
6000 92
6000 50
5100 44
2600 11
5300 22
9300 60
7700 36
8700 10
1000 90
2500 87
7300 84
5200 20
4300 4
8400 6
9700 50
6300 37
9100 36
8500 58
3000 21
100 4
6400 9
900 48
3100 93
8700 29
4700 54
2600 42
7900 20
2100 24
4600 76
9200 52
400 54
2100 87
7200 5
3400 13
9100 86
6700 44
3700 44
4300 57
7600 51
8300 41
