15000 250
2600 79
5100 23
8500 84
1000 95
1100 3
8700 35
9000 42
2000 83
8300 59
6900 45
1000 42
6800 41
3400 71
4500 7
9900 97
6700 8
5700 66
7500 51
900 25
7000 10
9400 80
9400 73
7000 58
3500 19
2400 97
9300 23
4800 89
3800 36
6000 61
9000 88
700 81
7000 12
2700 81
8400 17
5700 60
4900 55
9700 39
4000 27
7100 63
3800 6
9700 2
8400 85
1000 6
1800 56
9300 27
2400 22
2300 3
1800 37
8000 9
8600 62
800 55
4900 2
2900 54
2000 31
4300 9
8600 10
900 84
4900 43
6800 57
9700 20
1000 82
8600 94
6600 93
4600 58
3400 21
6000 22
1600 49
2700 95
600 29
1200 89
4400 87
5100 36
9100 12
200 67
200 13
8800 60
4900 25
7300 72
7600 9
9900 76
3500 57
2100 14
4000 37
5100 94
2000 93
8500 50
7900 81
8700 22
4900 34
9600 24
800 83
9900 50
200 35
700 80
4300 14
6300 93
1100 55
500 73
9100 49
1700 53
7600 79
4400 19
2900 38
6500 58
4400 86
2700 96
3200 66
4800 54
6600 2
9300 63
1300 18
2800 12
5400 3
600 40
100 42
1000 6
3400 79
8500 51
100 73
1100 6
4600 68
2000 35
7400 2
1900 37
3900 52
5500 44
2100 62
3500 35
8100 74
7000 28
6500 1
3600 23
6600 96
9900 86
5000 98
5500 41
4200 99
5800 45
700 1
2000 72
5500 52
1800 7
1100 69
2800 1
4800 6
5300 30
4100 85
3800 34
2700 17
5600 83
1100 60
9900 24
700 66
9200 4
2100 25
4900 72
4100 47
800 63
8700 85
2300 28
5700 21
1000 65
500 29
3800 95
9700 23
1900 58
7200 81
5400 7
8500 30
1200 87
7300 20
1100 51
500 73
1400 8
8400 6
6400 19
6500 82
8800 31
6400 69
2000 38
7900 53
5300 62
300 84
2900 10
4500 49
3200 87
300 39
3300 17
1400 78
2700 78
1100 64
2700 24
7100 41
8800 20
7700 66
400 87
2800 4
1500 91
4100 4
1600 88
2400 20
2600 3
5400 66
5200 64
6700 71
9300 56
6100 34
7200 58
3600 2
7300 29
4000 99
2300 87
700 36
2000 95
9200 74
7800 72
7200 38
2000 96
8900 96
9900 64
6800 37
8000 60
500 37
7900 37
9600 80
4400 11
6500 61
500 9
600 85
7000 28
7000 99
6500 78
7100 2
7200 89
400 6
8200 33
2600 54
9400 10
7800 57
4700 25
9500 64
1000 17
6700 10
1900 53
1700 11
7700 80
3200 93
6400 73
4700 58
5600 30
