5000 300
1900 96
7600 77
700 73
7500 85
6500 37
2900 26
1400 15
5600 45
2100 86
8400 41
1000 13
1200 31
8200 61
9800 99
1800 43
6900 4
8300 51
500 10
3200 99
3700 1
1200 13
900 61
3800 16
1000 55
4300 9
8500 42
4200 49
5000 42
7900 37
300 78
500 43
7300 76
8800 91
8300 53
7300 30
6800 22
7800 20
8600 25
6300 9
1600 47
9300 97
9100 79
9900 36
7800 81
5800 17
9200 8
7100 12
9100 8
7200 32
5400 5
5500 12
2200 65
2700 33
9700 66
6900 27
8600 56
3700 96
6500 91
8900 9
4800 11
5600 32
600 57
5300 26
9100 87
9500 63
4500 21
6800 99
4900 33
1700 71
8700 44
900 63
2100 38
4200 18
3000 90
3300 25
7800 10
7900 52
6600 69
9400 67
1300 91
800 56
1600 71
800 54
5700 81
4100 31
2000 59
4100 99
5900 67
7200 44
9700 62
6300 65
5000 95
6100 5
1500 82
1500 93
8500 58
6300 68
4700 41
6500 23
9100 22
6900 41
800 31
2000 36
3400 11
5400 48
6200 73
5300 17
1500 74
1700 54
5500 3
9600 85
500 34
2300 44
8200 9
9100 2
9200 82
7000 92
3900 33
8000 29
3300 66
4000 92
1000 8
2600 24
3000 5
8700 75
7500 61
2100 38
2600 2
6800 68
2100 36
300 9
4500 24
1900 35
5400 9
9500 4
2600 16
4100 47
6800 85
9600 80
7800 4
500 49
3600 41
6700 26
4400 90
7400 22
7700 11
6300 30
4400 40
7900 78
400 85
2400 16
100 11
4800 3
200 82
3500 37
1300 65
6000 86
500 49
6300 29
4200 51
4100 92
9500 89
6400 89
700 44
2600 49
5400 27
8500 27
3500 57
5400 90
3700 53
2800 16
7800 39
1200 11
2800 46
6300 37
1000 69
6900 43
9600 75
2500 52
9500 79
3100 96
8300 48
1200 4
8900 11
8200 47
7200 92
2500 11
9600 18
4700 28
6300 36
5200 21
3500 33
2100 66
3700 92
4200 30
8100 64
7000 91
4700 95
6300 99
6400 58
3700 59
1000 78
8800 80
900 5
3000 59
6300 39
5600 62
8000 56
4300 52
2200 97
8200 57
600 47
3200 19
100 10
6000 87
6500 98
3900 99
1700 62
100 8
4400 52
5200 78
8300 26
7900 16
1300 34
1600 33
2000 30
9700 85
600 3
4000 48
3400 3
4800 91
8000 76
2600 87
100 34
4500 78
9900 46
2100 51
3000 21
1700 19
5600 95
6900 58
4000 34
4000 86
9900 2
2300 72
4100 25
2100 98
8800 4
1000 48
2900 18
5000 81
5300 98
3300 53
1000 73
7700 70
7800 20
6300 64
500 75
3500 33
8400 66
3600 27
9200 53
200 14
1500 57
9900 23
3100 24
1800 73
7300 87
8900 82
2400 65
3700 34
900 25
2300 19
6600 11
1300 55
7200 54
3600 33
3600 72
2600 22
7100 38
9500 76
3900 2
4100 90
7000 2
9900 93
7300 26
9100 73
1500 39
3600 78
6400 6
7600 16
2600 98
7200 19
1100 5
4800 44
9700 89
3100 3
6700 47
7700 21
5400 53
