15000 300
3200 65
1400 78
800 27
2600 89
7900 88
7600 51
7100 31
8300 48
8000 10
600 21
8900 66
8000 23
600 9
500 46
1900 87
7400 16
4000 55
9800 96
1200 69
600 53
4800 22
1600 58
7400 5
7200 17
300 50
4700 11
4900 92
4800 58
8300 90
8000 48
5500 93
1100 53
2800 55
4200 34
5500 66
7500 42
5000 30
4500 35
4200 10
4900 33
1900 70
9000 42
1200 70
9300 71
8200 53
1000 96
2000 27
100 59
7100 98
6900 76
5300 44
2100 50
3200 38
6000 57
5200 67
8700 90
7900 15
4300 3
3300 12
8700 30
2400 45
7500 36
9700 82
5500 24
1500 81
6500 27
1900 61
1600 97
1300 7
2600 65
6100 55
500 18
2100 13
1400 41
7000 60
5100 17
1100 3
2400 12
3800 10
6700 50
9200 26
8400 31
6100 87
3200 69
100 87
8500 98
1600 43
9300 21
8600 50
5500 75
6900 3
5800 47
6700 50
4700 84
800 9
6400 68
1100 29
3300 50
9500 43
7400 4
2900 48
6800 54
1900 83
4700 56
6200 98
9700 78
6900 44
9000 80
1100 67
5900 17
2100 83
7400 82
6700 67
1100 41
9000 39
8000 36
2700 49
3000 5
300 77
6600 19
5700 6
4200 11
2700 3
4600 4
3600 73
1300 64
3400 85
1600 77
8500 88
9200 44
9600 91
4400 26
3000 49
9700 10
6400 55
800 11
800 5
2900 46
7700 39
2200 86
8300 79
4400 62
6700 95
9200 42
9200 55
7100 17
2900 61
8500 5
9700 33
6100 58
4400 7
6900 25
7100 37
4700 93
1100 73
1700 86
8600 46
4000 51
7700 53
8100 12
3000 37
5900 52
2600 38
8200 27
2300 80
1400 16
6100 96
4700 51
2600 70
7700 57
1400 22
8900 10
9200 33
600 58
5000 58
9500 79
8600 96
9200 68
2900 50
6900 39
6700 60
6600 33
7000 74
1300 24
3200 45
8000 91
6600 6
7700 33
6200 70
3700 26
9100 17
6200 95
3500 70
5000 1
800 45
9300 43
5900 27
4300 94
7600 20
1700 52
2100 19
4500 69
3500 29
6900 41
700 95
800 4
2300 98
2300 89
2200 97
7400 36
4300 45
7500 52
9300 96
8700 23
8100 78
6300 64
4800 76
6000 99
4900 16
3500 54
8700 49
2500 61
8300 59
7600 98
9000 17
2400 12
7600 8
3200 32
5300 93
5400 10
3300 51
100 29
6400 84
8900 87
7500 35
4400 20
3900 29
8700 10
9200 71
6900 31
1000 31
5600 3
900 71
9900 91
7100 58
7000 11
5400 13
2500 60
6500 59
9300 72
1400 60
8100 20
2200 20
8800 15
900 10
2600 73
4900 87
1000 3
7900 26
6400 20
1100 20
4700 6
6200 94
3800 62
7000 73
800 48
9800 5
2000 10
3900 38
700 62
2300 37
8100 60
9800 63
9300 27
7100 77
5200 78
3200 40
2600 58
9900 69
7700 20
4500 22
4400 9
9500 80
8000 50
7400 93
6700 67
700 93
7200 31
7000 5
5300 88
8700 91
2200 50
3700 87
7200 8
7900 9
3200 62
2500 60
8400 77
4300 81
2600 19
