50000 300
4200 43
9900 2
9100 3
1800 75
3800 20
2300 18
7900 40
7200 90
800 81
9600 23
9300 49
100 33
7700 99
2300 79
2100 49
7800 27
5000 13
6300 4
1700 75
7400 73
1200 64
3500 51
1100 28
6900 43
7000 88
4000 29
8600 56
300 28
4600 97
7900 90
9200 55
2800 57
8800 8
4300 8
9900 11
6500 97
3500 66
8200 36
1700 62
5300 17
4900 14
700 81
7800 17
5200 30
7700 73
300 30
2600 45
8500 53
400 40
3600 32
2800 1
3800 5
3400 15
2600 44
3200 34
5700 97
8700 76
800 4
8800 30
5800 22
600 58
8500 98
5400 82
1500 87
3300 50
7400 95
6600 9
1100 67
5000 99
7000 51
9600 65
2500 31
7400 42
3400 84
2500 80
3800 78
9800 13
7900 1
900 87
5700 77
2800 14
2500 40
900 69
1200 95
3900 11
4500 68
4900 38
7600 81
5800 39
9600 96
6300 85
7000 66
4400 45
300 89
8500 31
800 2
5400 94
7500 62
8100 28
8600 19
1000 69
5800 18
700 13
9700 36
3000 92
5500 32
4400 42
300 33
2500 27
2300 22
9500 66
2100 12
9500 82
9100 46
2300 2
3600 8
3300 59
7500 30
1600 52
6300 71
3400 2
9900 39
5900 70
2600 9
5900 79
9000 52
5600 34
8900 80
3500 48
1600 27
6800 98
4400 84
7000 92
9300 82
9100 62
3500 98
4500 52
7300 31
500 8
2800 94
2200 67
4600 28
6700 72
400 80
1000 30
3000 58
4400 81
700 27
6000 30
4900 24
4000 12
2500 16
5400 32
3200 79
8700 27
1400 24
9500 94
8600 74
1300 96
900 50
7700 57
8800 7
5600 63
600 94
6100 36
5600 18
1800 95
400 13
2100 16
8600 67
8300 48
1100 73
4300 94
6100 37
5100 94
2900 47
3300 36
4900 23
7500 19
9700 36
4300 16
1200 4
3100 96
9900 90
2400 42
6200 86
3500 75
6100 97
6500 38
2500 82
3600 65
7400 57
8200 79
7600 5
500 70
5400 46
3200 81
2700 89
6000 49
100 65
300 25
4800 12
7900 30
900 82
5700 8
4600 80
6500 70
9400 16
1900 47
8800 40
7400 80
5000 55
6000 30
5900 1
8400 59
3900 40
5400 29
5700 61
9100 21
2000 27
5200 42
3300 73
7300 76
6600 48
2800 94
8600 93
8500 68
3000 19
9700 93
8000 36
7200 31
5500 97
6100 19
4700 86
3300 16
2900 57
2400 20
6500 5
5400 27
3800 51
5200 73
5600 75
3800 25
4200 78
1500 70
6200 56
9300 54
300 79
3100 64
4700 73
8100 68
8200 79
6900 5
9900 12
2200 55
7600 67
900 97
8400 46
7700 81
9500 13
1800 25
7400 32
2400 39
8600 60
3900 43
2600 44
4900 82
9000 29
3800 57
1000 36
6900 78
2200 69
6000 24
7200 53
9900 33
4000 49
2400 1
7800 36
5200 9
3100 78
5000 21
3900 35
500 28
8500 67
600 84
900 2
6500 32
300 73
5900 46
1900 75
9100 41
8000 62
3600 56
5800 17
200 75
2000 66
8400 46
200 96
2200 7
3200 60
