25000 300
4200 55
5300 64
500 44
8600 59
2300 19
6000 78
9800 35
9900 11
1600 39
9700 71
9900 71
1100 46
8700 70
4400 38
4400 60
6400 9
5100 14
6000 34
5500 4
6700 96
4500 72
2700 33
9000 98
7600 2
3000 68
7600 11
1000 34
1200 5
2700 18
7500 75
1400 46
3400 25
3200 56
6300 81
500 33
100 74
1500 84
4200 7
6500 49
7600 14
900 87
2900 44
3000 86
6000 46
4800 14
2500 8
7700 15
4000 62
2100 83
1400 50
6000 11
7500 12
6100 2
9200 27
6400 17
8100 66
5300 5
6700 24
6700 56
5500 75
1500 79
9100 48
1700 66
4200 88
8600 95
400 58
2600 3
3100 14
5300 35
1100 60
3100 25
3800 39
1700 55
4300 22
1200 73
5900 12
7700 35
2100 57
3000 33
6900 45
2300 48
9600 35
7800 36
7100 53
9700 90
1400 86
400 94
1900 29
6600 32
800 94
8600 2
1900 39
3800 78
1500 47
4500 58
6300 66
900 49
7500 37
9800 68
8400 15
5800 52
4000 6
5100 50
4600 73
9100 74
4900 88
2600 59
3100 69
9700 11
900 47
7100 57
6600 60
2500 96
8800 20
8500 30
5600 41
5600 2
1900 22
9800 56
8900 47
9300 73
4700 25
8000 15
5300 52
7800 61
4700 52
6500 91
1400 42
9900 59
4700 11
9200 30
8600 58
1900 28
8200 46
3900 21
7000 96
6600 18
4000 97
300 8
6100 31
3200 24
4000 9
3500 2
3800 25
2700 91
2400 59
5900 39
1000 7
600 83
5400 50
300 36
2200 2
4700 71
1900 53
6300 92
7200 62
1700 79
600 43
4000 59
9600 56
2000 4
5600 77
3100 91
4200 45
7400 9
9500 49
8600 41
1800 14
2500 52
1200 42
3000 91
2100 50
7500 48
1700 80
5100 52
4800 83
7200 86
300 70
8300 66
4900 25
7800 17
1500 91
3900 18
2600 14
4600 29
8400 87
900 30
6000 12
1200 19
4900 32
7300 29
5700 78
1400 56
8800 90
1000 4
4000 40
8700 98
1800 34
8300 88
500 41
8300 9
2500 69
1900 40
7400 15
7000 72
9500 86
3700 42
2300 18
1500 19
3400 89
8700 30
5900 99
6100 86
1200 66
6600 66
3700 70
7600 75
7700 92
8200 5
2800 73
5900 78
9600 40
2000 93
8400 25
9200 80
4200 17
6600 64
4600 94
5500 42
6900 86
7100 33
6900 28
7700 3
4400 71
4600 69
3100 84
2100 46
6700 51
2800 20
3900 15
1000 60
3300 68
7700 54
6400 93
1200 83
4400 79
3900 26
4200 96
7100 79
5500 16
7200 65
5400 73
7500 80
5300 5
1800 40
900 22
5900 21
4900 43
5400 14
5700 14
4200 97
5600 23
1900 86
2500 68
500 21
6500 98
7500 26
600 12
7400 97
2500 56
5000 42
5100 97
2600 68
4800 23
9800 50
300 5
2600 84
4400 47
3600 91
5900 20
4400 34
1600 74
4500 37
1900 89
6100 55
5900 48
6400 5
5700 47
9900 78
9700 1
6200 54
9300 42
3900 71
8800 71
7800 91
7700 82
1600 35
9100 73
7700 23
800 47
