30000 300
5200 7
4500 45
1800 99
8000 2
7600 8
100 59
700 79
9400 8
4400 2
5000 64
5800 57
7200 98
900 97
900 5
200 7
7500 13
4500 29
9100 78
6700 62
9600 80
8600 76
9800 22
3300 35
7600 93
6500 71
9700 34
2100 59
8100 99
2400 56
2800 66
7800 3
6300 30
600 96
4300 11
8900 72
2100 84
2600 8
1400 34
3900 24
3600 56
2500 78
3900 25
900 82
7500 50
2600 33
3400 53
4800 17
7700 65
6900 7
4100 24
3000 68
2100 97
5700 24
3600 53
700 65
8500 5
900 40
6500 88
2900 3
3000 96
8000 29
2000 2
8400 57
7600 27
500 2
9600 98
3400 53
9100 49
7400 96
2200 43
6300 6
500 52
9100 63
7700 2
7700 99
8400 42
7400 7
4000 91
5900 94
5800 86
3300 7
4000 33
3700 45
2600 3
6000 24
4000 3
3500 90
300 81
7300 3
4600 77
7800 8
6800 44
9600 27
200 81
3200 20
7700 23
3800 59
500 33
1600 56
5800 8
2500 73
2200 86
3900 87
7500 96
9600 4
1900 1
2600 57
700 46
700 78
3800 85
9400 26
8400 50
6000 27
9700 53
4400 11
3100 41
5200 27
8400 74
4600 56
3300 96
8900 36
9000 25
2000 71
800 62
100 70
6600 43
900 86
400 80
4500 72
6200 58
9700 73
4400 60
4900 1
1800 18
1700 25
6700 4
6700 66
2400 79
8900 31
1800 15
8900 55
3900 5
7700 17
900 34
4500 52
4700 30
8200 19
4300 41
3000 18
4000 78
1900 88
1200 74
4500 94
900 57
4500 16
5500 88
3000 92
6400 97
4800 88
3300 67
1400 73
3900 6
6300 71
4300 93
900 37
1800 53
2400 62
8400 40
1600 73
1600 38
400 10
3800 84
7400 1
7400 60
4600 68
7300 75
100 54
5000 65
4900 79
8800 79
3200 75
3600 25
7500 32
5200 17
8100 55
5300 15
7200 15
1600 10
2400 68
800 92
900 64
4300 27
3200 87
1400 40
3900 99
6200 11
5600 48
9900 43
3700 64
300 70
3500 59
4000 5
900 4
300 88
8500 17
1800 47
9200 83
6600 57
5400 5
8400 36
7900 44
6800 84
4600 67
8500 61
7200 7
5000 60
5800 16
9500 16
9700 22
3300 23
400 97
6900 12
3400 83
3600 68
7400 6
9800 6
4700 65
4800 4
900 34
8800 35
8700 29
2100 70
8000 13
7600 59
4500 80
6100 42
3900 3
1200 20
8900 15
9900 22
1100 16
5300 57
9100 35
4000 15
2900 34
2200 49
1500 24
3300 58
6400 27
2600 25
2600 24
3700 12
2600 92
2400 3
5600 4
7000 53
4300 60
4500 43
2000 43
4300 83
6800 75
7500 45
6300 87
4100 47
6200 8
7200 47
3800 29
6500 5
6300 33
5000 71
2800 56
7000 10
6700 63
1000 39
5000 24
7500 52
2500 90
500 52
8300 37
8100 89
8000 42
5900 32
7100 42
3700 2
4300 13
6200 45
4900 63
7400 44
1200 19
3100 85
5800 19
5000 24
6100 37
1600 1
7000 49
3800 13
9500 60
8900 56
6100 27
3800 13
