35000 300
3700 70
7200 12
100 58
9400 84
3200 81
3500 74
2200 16
2300 69
900 31
5800 69
2100 28
1700 91
6000 66
9900 18
6900 47
1300 65
6400 85
3800 11
5900 98
6900 75
6700 85
6200 65
9400 36
300 59
500 5
7400 4
500 86
6900 68
1800 49
6100 28
1300 85
4900 94
9000 56
6700 20
400 15
1000 32
8000 66
8400 68
5600 8
8200 88
2500 31
6200 42
2900 68
3400 54
6500 64
9200 15
1400 79
8600 18
7800 19
1200 84
5500 51
5600 1
6900 44
9100 5
4900 51
4500 51
2700 88
9600 30
3800 31
3100 84
1100 25
2800 12
5900 19
8000 45
8200 84
1900 27
2000 65
6700 31
8100 22
5400 61
7500 16
4300 86
6000 36
8700 1
3200 88
7200 42
2600 44
6100 54
1900 81
5700 77
9800 5
3300 39
7700 39
5000 32
8100 35
3400 99
1300 59
7100 19
100 87
7500 39
800 87
9400 46
8400 35
8300 12
8900 46
3700 70
8900 10
8400 98
9000 18
8400 69
9000 19
5300 17
5100 68
1200 42
7500 61
5400 11
5100 2
8000 87
9300 63
4600 41
6100 84
9600 1
7800 87
7900 27
2500 93
1400 27
600 31
7700 41
2900 48
9700 22
9000 1
8100 31
9600 84
9800 37
4500 53
2500 20
6900 85
600 67
6500 42
5600 48
7500 4
9500 7
4200 17
5100 62
9800 45
3100 98
5100 22
9500 17
5400 65
2600 53
5800 78
4500 49
9400 37
3500 90
3000 37
6700 84
800 42
8500 46
7600 30
7300 29
4400 6
8300 66
1200 48
300 20
5900 99
7200 68
5800 12
3900 54
800 58
200 60
8300 78
4200 97
7300 70
1500 11
5400 83
3700 28
4100 30
8200 36
5900 73
3600 10
4000 28
1800 44
4500 50
9600 53
7100 92
6200 38
7200 24
2600 74
6600 25
6100 67
2600 67
5200 59
200 49
9600 37
2300 92
2700 8
5700 43
9300 21
4800 72
7100 31
7300 86
700 34
8600 78
7600 30
3700 80
4200 18
6300 10
6200 54
8100 9
200 35
500 22
7000 40
1100 7
8000 15
9900 99
9000 43
8100 54
8000 98
7200 64
3600 98
3600 77
7700 10
5600 33
7100 67
3200 11
5600 50
4100 28
4800 62
8600 51
3500 31
9300 27
900 49
100 50
2000 1
700 73
8900 70
1100 1
5600 17
4800 59
2700 3
900 58
2200 7
2900 84
8500 6
6200 16
1500 93
9900 78
8700 4
8400 91
200 83
6500 85
2000 85
800 45
8500 94
2300 50
1900 93
3400 98
1800 78
2000 4
1400 13
8300 5
7400 77
3700 56
200 59
3000 84
1300 61
2700 1
7500 83
2000 4
6200 85
4200 50
3600 77
6400 77
4800 81
8200 51
3300 58
200 40
8500 56
7800 25
9300 80
4200 71
8200 44
500 41
8500 59
7600 50
9600 7
7200 57
6100 73
1100 22
9900 33
1000 17
2500 54
6800 13
4600 94
5400 44
4500 16
9000 81
8600 92
2400 85
7800 31
2000 48
3300 11
3500 74
8600 59
5900 63
2300 59
200 39
5900 43
7800 78
3500 73
