40000 300
9200 20
1900 23
5700 45
7600 34
1400 23
8100 42
5800 51
3000 73
1200 28
7500 47
6000 37
2700 28
2400 9
7000 70
400 8
4900 30
8200 53
7500 15
2600 4
9200 14
8400 12
8000 55
1300 57
1000 35
4200 43
6200 15
6800 58
2900 49
9500 46
3400 39
6000 44
3900 40
6800 1
6500 67
2900 27
9600 94
4500 69
2000 55
4700 73
5500 3
8100 40
1700 89
900 13
4100 24
9100 76
1600 40
4300 37
5100 28
6200 26
6800 80
9400 7
6700 74
1400 63
9600 27
6000 84
1500 4
8300 23
7500 21
1100 13
8500 94
6800 94
1000 9
6800 72
9000 66
9100 78
5100 80
6100 44
7600 67
1000 84
6400 85
3100 54
9100 12
1400 85
1200 44
5200 19
9900 1
1000 28
9300 46
9900 94
4400 13
9900 2
100 7
2600 43
2700 37
5100 80
2900 39
100 35
9800 8
1600 64
6400 37
4400 34
5000 98
4400 75
6400 32
3200 19
4400 11
5300 96
8000 24
5200 58
9600 44
9500 3
1300 45
700 2
9900 72
3400 5
700 7
5300 14
6400 60
4600 37
7700 33
6400 82
9200 60
2500 66
8100 99
7500 27
9200 7
8800 60
1200 53
9400 35
500 89
5800 28
1800 15
6300 57
4500 75
5100 41
4400 86
7300 20
5500 24
9300 95
3100 72
6400 74
9500 5
7600 81
2500 54
4500 73
5100 26
700 4
4200 38
9500 9
6100 12
3800 19
9600 66
2800 22
4900 9
8400 95
1400 12
3500 79
7100 54
3900 38
6200 76
1600 16
7700 55
200 72
2500 37
4600 74
2000 8
1400 21
7200 32
7900 48
2400 99
7100 14
8800 63
5300 81
9400 15
5700 73
6700 23
8900 36
2000 78
4100 26
800 13
7700 61
8300 84
300 13
7400 52
8600 65
5800 9
6300 94
5700 49
1300 35
9700 34
4500 70
3800 80
7800 6
9900 15
9600 91
4400 35
4900 15
9600 17
2900 33
1000 32
6200 5
2300 30
8200 28
2400 36
9900 21
6300 49
4600 46
9600 60
6300 75
6000 88
7800 12
7800 89
4700 7
4400 97
5000 64
3100 82
6600 16
9200 15
900 5
1500 62
5900 81
5100 71
300 99
1800 1
4000 95
4300 59
8800 17
4300 51
8900 2
5300 14
9900 4
4800 41
7500 41
1400 8
6600 56
7500 58
5600 96
9200 88
9700 39
3900 27
5000 41
6200 33
2600 41
4400 10
2100 57
3600 47
2100 73
2100 33
8000 7
7200 58
4900 16
7400 23
2400 34
7200 44
1700 24
6300 75
5800 27
200 46
1200 77
3000 98
2900 16
6600 71
4500 4
5900 18
300 86
7400 48
7900 28
9200 35
1200 64
4200 96
5200 90
5200 38
9200 30
5800 53
9700 8
9500 42
7400 96
5500 67
7500 55
5200 73
9000 76
1600 79
6500 75
6100 9
6300 46
800 54
2000 29
7000 19
1500 25
6400 13
7500 43
3500 63
3000 37
4600 78
4500 45
100 2
8500 49
7100 58
800 5
3800 8
3900 64
4600 61
1500 16
7200 63
4300 78
4800 98
7000 6
7400 35
3400 50
1300 24
