10000 300
7800 19
3600 7
2200 84
6000 6
4700 56
2600 56
7800 42
8100 64
5900 55
7900 62
1500 27
4300 10
4800 9
9500 17
4900 95
3600 88
7300 32
8900 80
4500 87
5400 61
8500 19
3600 62
9700 83
5100 33
8200 76
9800 70
7600 23
8000 59
100 81
4200 48
5700 12
4800 92
3500 61
700 65
5000 62
1000 24
7700 48
9000 50
5300 71
600 64
7500 15
2300 12
900 89
1300 62
8900 88
6600 76
5400 44
2700 72
9500 21
2600 86
800 70
1600 19
100 12
100 95
8200 75
5700 92
9900 7
1700 76
8300 69
4500 2
2000 41
4100 18
5800 61
6800 96
6700 84
3500 38
9800 35
800 38
3300 76
9700 99
4900 48
9800 92
8700 42
800 99
3700 43
6900 8
6000 73
7900 94
6400 90
200 81
4700 45
5200 95
8200 12
4300 7
3000 76
600 1
8400 25
100 79
3200 24
3500 79
2500 60
9100 86
5300 2
6100 84
8700 10
5800 21
8900 64
6700 47
4600 77
9400 30
4000 26
1600 23
9300 18
1500 62
7200 56
200 38
7500 66
6700 76
1600 23
5800 9
6400 48
6800 5
1000 30
3700 82
6700 25
9000 13
2300 48
7700 66
2900 62
5600 90
3200 97
4500 8
9400 45
1700 34
3900 24
4100 80
9200 54
7400 38
9800 7
6700 62
5700 76
4300 32
6800 55
5500 82
5800 97
4600 83
8700 31
5900 88
9200 82
9900 81
6700 22
3000 25
8600 71
8600 14
5400 28
100 23
4000 63
9500 71
3300 54
5900 64
2900 79
7300 69
6600 56
4600 44
5700 82
2100 60
3200 98
5500 7
7400 88
5800 59
300 3
6600 82
6900 30
8200 98
4800 79
6600 91
6100 12
6100 83
5300 99
5300 58
8500 27
5200 72
3800 56
5800 35
1200 14
9200 51
1000 62
8000 91
1100 73
8600 97
200 26
4300 30
8400 70
8000 7
1200 43
5700 78
7100 98
5300 65
3700 12
7400 22
6100 49
6000 52
1300 4
2300 29
1900 52
9000 46
3900 97
5300 95
3500 88
1400 7
9000 60
8300 69
5500 22
9500 5
2900 13
9800 15
5600 84
4000 60
1600 92
9200 21
5600 4
7900 77
2800 70
1900 56
2500 83
2500 75
1800 37
7500 78
600 60
2800 60
1200 75
5200 24
5000 41
1700 15
300 51
2700 63
8800 93
9700 91
4400 15
4000 57
3200 94
4000 75
5000 37
7400 98
2200 41
1400 69
1900 70
7200 1
7700 82
7600 58
300 15
7600 5
5500 74
2800 38
5000 70
8200 55
8000 96
4900 13
8700 86
8900 20
9100 43
3100 29
2500 58
5100 88
200 84
1300 6
6100 90
9300 90
2400 6
3200 66
3300 55
8800 77
8800 13
900 34
300 5
6600 12
4800 13
4600 28
4700 97
5000 98
3100 5
1400 33
9300 68
9700 24
9600 55
5900 77
3700 18
100 98
8900 1
9200 62
500 77
9300 82
9600 50
5100 54
5000 89
1100 60
6800 87
6700 49
5600 87
6800 15
5100 63
5000 48
8000 52
9400 69
2500 40
6200 67
1400 59
7700 99
2200 81
7500 8
