20000 300
9900 60
800 18
3300 37
2500 70
100 11
3200 56
4300 93
9400 91
2500 34
3500 29
500 19
1800 34
6400 72
9200 92
2800 34
7100 3
1900 96
3500 69
5700 86
6700 39
4300 75
9700 53
5400 28
2100 4
9700 35
6400 76
5100 88
700 44
1400 92
3200 78
2400 6
2300 15
7800 99
2500 85
1100 42
7100 84
800 30
1400 99
7700 89
1400 50
5000 41
6100 31
5600 13
500 22
3500 49
7100 50
6000 94
8100 24
9400 77
4000 28
9600 74
4800 21
200 23
1500 34
900 98
3500 70
5700 55
5300 16
9700 56
4200 15
4300 14
1400 57
8200 62
9100 96
1700 8
5300 79
7000 74
3300 81
1700 91
2800 30
4600 87
5900 71
2200 37
7100 34
9200 9
3100 77
1800 21
4000 55
7400 64
2900 24
9300 62
8600 16
6500 81
2200 11
4200 44
4100 86
5800 52
2600 7
7700 22
2100 94
1900 16
1500 29
4100 77
6300 71
7400 55
2500 25
8700 57
3000 86
3300 36
9400 19
3500 20
6200 1
9000 61
7500 47
3200 55
1900 57
8200 99
9400 68
2200 29
4700 11
1400 72
4300 50
400 16
3400 86
6600 23
7800 31
2700 61
8800 41
1400 87
5300 24
1000 45
9300 82
2500 38
1400 20
3800 13
700 79
2000 49
9300 71
4900 44
5700 24
2200 99
3800 79
600 63
7000 53
9700 80
5900 74
3900 96
7500 27
9500 97
4600 22
6900 52
1900 53
2100 46
1000 59
6300 49
6800 15
6300 7
3500 78
7800 22
5100 30
8200 29
6200 99
8000 69
2000 86
9500 52
7200 87
8300 49
7500 29
6700 22
9600 65
9700 5
4900 87
7800 96
5400 42
1500 26
7600 79
7200 82
1400 35
1100 20
3600 64
9300 7
1300 80
7900 28
2800 86
9600 34
2900 38
2000 18
7800 92
8600 99
7000 76
7100 90
8800 63
600 13
600 74
7500 73
7400 13
5800 91
2600 2
2600 60
7000 80
9800 92
4300 22
6300 62
9300 5
2300 76
8200 1
6500 27
4000 24
700 44
8000 39
7600 6
4000 92
400 9
4400 58
8000 81
200 70
1100 8
700 73
1000 88
7800 13
6700 66
6000 67
3900 80
8400 79
5700 28
3600 91
4200 91
1600 63
8000 78
8200 26
6100 55
4900 56
7200 56
2100 47
9600 35
2900 16
7600 13
1300 12
9100 59
6600 70
400 55
9700 44
8800 86
9300 95
1700 49
9500 4
800 27
7900 70
8200 28
7600 11
5100 50
7400 4
9500 99
9300 30
3000 38
6300 37
300 24
9300 26
1700 18
7100 72
8100 74
9500 69
1800 57
2900 74
9300 78
9100 10
5000 67
9300 5
4000 95
500 4
8300 76
2100 69
1900 75
7000 45
9600 50
500 93
5300 16
2700 60
5300 33
8400 10
2900 89
1300 86
7400 27
700 85
3500 69
8700 44
9300 30
300 73
4400 16
8600 74
6400 53
8300 24
6100 83
1500 85
2300 70
2200 32
500 90
9800 33
700 14
5000 22
8800 58
5800 42
8800 77
5000 32
3600 22
7400 18
5600 85
1200 75
2700 65
4500 28
