45000 300
3400 57
8000 61
7000 81
2600 22
9600 33
6900 40
7500 48
6200 19
9700 30
6400 18
6400 56
5400 38
7600 78
5000 67
1200 40
7300 70
7600 95
3600 58
1000 97
7700 27
1900 54
5300 39
8500 33
7200 81
4000 12
4800 11
6900 60
8300 56
1900 2
2400 21
3300 35
7600 99
7800 62
7900 45
8000 77
2300 15
5000 88
5000 89
6800 16
2100 1
9000 7
8600 48
4000 22
5200 86
3700 8
3800 69
8200 45
7300 45
4200 14
3000 80
5000 79
6600 1
5600 85
6900 86
2200 28
6100 73
1800 8
600 7
6100 26
5300 41
900 88
2000 62
3500 7
8200 21
9900 78
6400 33
800 1
2200 60
3300 85
100 86
600 61
3000 53
2100 79
200 62
6300 42
3600 91
7900 17
5000 35
4600 57
6300 30
8100 10
6000 77
9700 99
7300 8
2000 81
9900 75
3100 46
2600 79
7900 30
6900 2
5600 45
8900 9
6000 58
7400 32
6600 93
1600 14
5200 13
8500 38
8300 44
5800 84
8600 61
800 69
7300 46
5600 62
800 57
5500 25
2900 33
800 86
3600 51
8700 64
1600 55
3800 4
600 16
5100 76
9400 81
5000 78
7900 10
9100 65
1700 74
4900 2
1900 90
3400 31
3900 73
3300 65
1700 92
4000 69
3400 10
7300 36
1300 87
3600 43
3400 54
3000 79
6400 47
800 32
1300 91
4200 37
8400 87
8200 67
5800 59
3100 83
2400 79
2300 77
9300 83
6700 69
9100 24
4100 68
9600 84
1300 28
9800 19
3500 48
8200 80
2900 94
2100 13
5500 24
1500 24
7100 60
2600 50
7400 67
4100 13
300 70
3900 95
4800 60
1400 95
6300 50
2200 81
1100 84
6800 91
5800 99
9100 27
8900 31
9700 89
3500 87
1700 40
1300 84
3900 23
7000 3
2800 77
3900 92
6100 64
8900 95
3100 99
1100 33
4700 78
7000 71
9600 7
9100 80
4800 52
1400 36
2600 94
6600 76
100 90
4500 25
8900 74
9100 97
8200 19
5900 29
6600 33
200 30
7200 80
6500 41
2100 98
4600 62
9000 25
9700 59
3900 84
6600 60
3200 13
7900 45
6400 15
8000 9
8700 46
9200 98
5700 76
9100 83
9100 46
8200 17
5400 68
5100 63
7500 33
7500 40
300 75
2800 25
200 9
5300 23
600 55
3500 57
7000 4
5900 57
8100 27
5300 3
4000 13
2400 65
3900 41
8500 32
2600 43
7700 40
3800 84
5600 35
4900 30
2400 28
9700 43
1100 65
1000 39
3500 17
5100 26
9600 55
9900 98
700 26
3800 94
2000 18
6800 34
4700 26
4200 72
3300 89
5300 62
8900 35
6700 55
9800 25
5000 59
5100 74
1500 62
6500 21
600 25
1200 52
8000 44
5200 37
6900 51
7100 99
8300 71
3000 96
6300 38
7200 14
1000 6
6500 57
3000 84
8700 90
1300 66
7600 26
2900 85
5600 72
1500 89
9400 11
1200 92
1700 46
4200 49
7100 61
9000 58
9300 19
1200 27
1400 7
9500 63
3600 70
3400 99
6100 66
2400 79
1200 89
9700 54
7300 63
1900 72
5900 68
