25000 350
2800 71
5600 1
6500 65
1100 39
1900 17
5900 65
3100 74
2400 53
9200 32
5300 97
4100 9
7600 38
1100 42
700 45
300 67
3700 82
5800 52
7500 75
8300 93
8100 42
1400 9
7500 37
7000 99
8800 56
5200 94
600 73
8200 97
2300 85
2400 75
4900 44
9700 91
800 91
8500 46
2800 28
4600 86
300 62
6000 99
8700 13
2000 69
1500 92
7500 23
800 32
5500 32
6900 46
7400 54
800 78
6700 70
8500 35
7200 32
800 38
3400 5
900 30
3100 87
500 2
1400 28
5000 61
2500 2
700 81
7100 40
800 84
3300 54
6600 24
9500 4
900 26
8700 38
5400 22
5800 94
8600 64
8500 22
500 62
1300 2
8200 94
5800 42
3600 34
7900 67
6500 17
9900 36
4300 31
5800 77
600 86
7800 6
6300 34
8700 83
8400 8
100 75
5700 85
7700 88
6200 44
100 96
3000 2
7700 64
9100 65
4900 15
5800 80
3400 55
800 87
8900 46
9500 1
500 69
4100 97
2700 29
6100 19
300 21
2800 97
9300 91
3000 53
8000 89
7700 99
9600 82
3800 42
2800 52
800 7
1100 30
9100 98
4600 37
5700 27
9400 47
4100 24
8300 80
4800 84
6100 54
3300 23
8100 36
800 56
1000 21
4200 5
9600 43
6200 97
4800 90
2200 88
1400 45
8500 51
900 88
3300 46
8600 21
5600 54
6500 75
8200 23
9900 96
2700 77
4700 70
5200 27
8800 8
6800 17
600 75
5800 34
5500 19
4700 81
9600 3
4900 86
4900 49
7200 36
3200 10
3300 45
2500 29
7300 44
5500 50
9400 64
9000 28
5200 3
5400 69
7300 5
8100 99
3900 52
9800 61
900 50
6600 41
6300 11
8500 68
3100 63
8200 17
7800 28
2200 51
3400 78
1600 52
1400 95
8100 26
7600 52
4000 26
400 61
9000 44
2600 34
3100 91
9100 79
2400 67
8500 23
1700 39
5100 7
6400 15
2000 96
7900 89
7100 32
9000 6
800 51
6000 18
200 46
2800 62
6800 49
6900 51
2300 83
7600 8
7700 36
9400 88
4200 11
3500 93
6400 78
400 90
4800 77
6400 39
2800 15
1500 81
1300 39
600 37
3900 18
7000 10
9100 13
2600 61
4400 71
4600 93
6200 20
2700 35
6800 38
4800 40
3300 90
8200 60
400 99
5500 7
4800 22
5900 6
1000 51
6600 67
6000 11
1400 92
1100 44
2100 79
6200 97
4700 50
8200 99
4400 73
3700 87
8700 77
8600 96
8800 42
5700 60
2400 92
7800 7
4200 54
3600 1
6000 95
2400 54
7200 92
1100 16
700 59
700 89
7700 16
7100 80
9300 96
6000 12
2000 17
8000 69
3700 79
4900 7
9000 44
2200 95
8600 35
4700 58
4400 6
5300 61
9700 87
7000 16
200 74
8600 11
700 80
7800 64
5600 82
1600 44
1900 59
4900 23
8500 96
6100 73
500 86
3600 73
9600 63
9300 83
5400 50
8300 83
6800 19
7800 43
2200 84
6200 15
7800 70
5500 43
3100 43
1400 16
1800 75
9300 92
6000 2
4000 4
5200 26
6000 9
4000 26
6200 48
200 93
5400 92
1400 99
9000 72
4200 49
4700 62
4500 68
8200 41
9200 74
2500 52
1400 10
6900 67
9200 52
8700 12
8900 19
1800 78
4400 22
3800 38
2400 45
2400 94
8500 84
6400 68
800 22
3400 81
8300 85
6100 51
6400 69
8700 87
8400 11
9700 25
2400 98
6800 18
1900 39
7900 36
7800 76
5300 45
9900 29
7400 31
8000 99
8200 24
7400 67
7000 55
4600 52
8400 66
1500 12
2400 1
9900 38
6900 88
