35000 350
6200 67
1200 2
3000 71
3800 2
7600 14
4300 22
9200 3
8800 48
4900 31
4000 66
3000 22
8000 8
3000 87
7300 1
9000 18
4300 94
1400 60
600 60
2000 51
6600 43
7900 43
1900 43
800 25
2200 83
9100 92
2000 14
6200 63
9000 16
7800 49
9700 95
7300 13
6200 9
4600 45
3500 78
2600 8
4200 15
9300 30
3900 59
400 81
9500 96
5000 72
7200 30
9000 24
2300 21
4900 12
1500 60
8900 8
4200 72
9200 8
7200 30
2300 91
5300 96
4700 95
7000 60
1500 81
200 5
4500 22
2700 89
500 21
6200 85
1400 34
5700 48
5800 77
5100 30
8800 20
4900 37
9100 59
1000 48
9100 11
3600 54
100 92
8300 21
400 39
6400 69
2900 39
3700 49
9500 49
7200 87
1100 34
8700 7
6500 61
6800 75
3100 1
600 10
6400 58
7200 94
8800 23
9500 25
2000 82
400 11
900 84
8000 92
7700 35
4900 36
9300 16
8400 8
1600 75
1800 31
5000 6
2700 8
5000 47
4600 69
9300 44
3700 15
6200 28
2900 87
1700 87
9100 24
9900 93
6900 97
4500 11
200 40
7000 87
8400 39
3900 45
6600 82
5700 76
7900 54
4700 14
8500 39
3000 40
4600 87
6700 12
1500 98
8300 31
4700 81
100 54
8200 49
5000 36
4100 53
4600 92
5000 91
8200 70
8300 65
9300 86
1400 28
9000 80
1100 72
700 18
6300 8
8700 34
800 68
4000 28
900 73
5900 79
2100 83
6200 82
8900 14
3000 52
9700 91
8600 63
8400 19
6800 32
2900 59
5500 33
6400 88
6200 17
5100 54
6800 63
400 3
6900 75
400 10
9600 91
2100 32
3000 47
1500 56
3000 62
8600 7
4100 27
8900 26
2200 53
2100 39
9200 37
4300 39
8300 8
1700 38
9800 11
7900 81
4900 82
700 77
3200 25
900 43
9300 16
1100 95
2300 6
7200 25
4600 91
2400 45
2700 60
8100 52
6900 9
7200 47
3900 88
4300 18
9300 34
5200 27
3100 79
2500 14
4400 3
1300 45
9400 49
5400 29
4200 37
2200 5
5600 20
7100 13
6500 68
8800 10
9500 46
4000 90
4800 90
5100 87
7200 93
3500 64
1100 59
9300 55
5100 24
4500 93
6600 30
2500 81
1500 92
9000 10
3500 48
5600 4
5600 96
8300 44
4500 12
3400 52
9000 96
2100 17
1700 12
3900 43
8800 48
9700 49
100 56
5500 89
6100 81
6300 61
4800 14
5100 65
9100 93
2600 23
5200 31
8500 74
9400 23
6100 21
5400 86
6900 71
1200 55
100 88
6700 74
7900 57
4000 15
9800 91
8300 49
4200 17
3200 94
5100 20
7800 42
2900 76
6100 24
2800 29
7800 55
8100 45
4200 98
9800 88
1100 51
3800 53
7000 92
7900 81
2000 91
2800 94
3800 39
5300 12
8700 19
5700 28
3900 41
200 51
9200 62
900 54
8100 58
8100 31
2500 32
1400 30
4700 55
9200 62
2400 43
9600 84
1900 10
7700 26
5300 38
800 94
7500 94
6800 37
4000 9
9100 24
400 75
1600 66
7600 43
2500 8
9600 44
4600 82
600 37
7500 5
4400 85
9500 98
1800 33
6500 79
5500 95
3600 89
5400 45
6500 33
4600 31
9200 50
7800 10
5200 29
2500 39
7600 58
3000 7
4900 16
8000 75
6400 95
3800 45
9000 27
2300 9
100 53
3900 6
4000 52
1400 99
7000 81
100 30
1600 19
700 27
9700 5
8700 2
1900 28
4300 51
3200 57
8300 24
9100 54
3300 21
7000 12
4200 52
3800 54
5000 75
6600 27
7400 94
500 44
2200 88
8100 68
