45000 350
1700 54
4500 87
3100 48
7800 18
4300 45
2900 96
9300 48
4800 62
200 39
2700 85
1500 78
6600 13
6200 94
700 7
5900 83
800 1
5700 43
3700 24
4200 35
5500 35
1300 10
3100 32
8600 33
700 82
9900 32
8000 39
4700 35
1700 61
8300 48
6700 33
6400 6
5000 21
8500 96
8800 17
3700 94
2200 47
3400 54
7900 34
6200 80
4300 95
5300 68
6900 76
4400 34
1100 67
9900 46
2000 72
3400 67
6200 5
2600 14
1900 50
5700 44
8600 66
8800 23
6100 33
400 46
9300 28
7800 85
4100 8
900 32
4600 44
7800 5
1400 2
2100 86
4700 30
100 84
100 32
3800 32
1000 74
5700 60
600 44
9500 49
3000 83
7500 47
6900 21
7400 52
9000 46
3900 9
4200 3
5100 38
9300 92
3500 29
9300 6
4500 21
9700 69
9500 28
9400 98
9100 49
7600 75
5800 88
8800 49
8200 85
6500 6
1400 65
9400 67
5500 67
8600 13
8900 25
3700 51
5100 95
5900 46
6400 81
7900 42
2100 54
7900 70
9000 79
9100 35
3400 49
1500 17
6800 80
900 28
1200 14
5600 3
3700 89
1700 97
400 78
8400 48
4800 21
3700 10
2200 42
2000 16
9900 76
5200 55
6400 50
7500 42
3100 8
200 19
5600 86
6700 50
1400 24
2400 11
1500 50
5900 39
4500 47
8400 42
100 88
8600 75
3100 92
6100 75
8600 81
9300 86
7600 73
6400 20
8600 49
6700 57
3000 75
1200 49
3400 28
9200 28
2500 85
5000 57
4900 69
5400 90
4800 63
7400 79
200 92
1300 64
9100 8
1600 47
4000 78
2600 68
9400 69
1700 62
6800 64
5200 32
3300 55
9200 31
5600 20
5900 39
1900 52
4400 8
8900 4
4600 22
500 24
1900 16
800 64
8900 9
3600 97
6100 56
6300 94
4900 49
6400 76
8100 19
5400 31
8100 81
400 61
1300 63
7100 66
700 30
9900 70
1200 6
7800 7
4300 34
8100 3
4800 59
9400 8
3700 67
800 19
7000 58
2600 98
2200 19
7900 74
1800 15
200 62
9700 21
5700 15
3700 30
2200 75
9700 95
7600 35
1000 5
1700 72
6600 22
2400 24
5300 84
8200 72
3900 62
2300 70
900 87
7700 97
500 93
7200 20
4700 22
6700 16
9100 95
9100 78
2300 39
9500 88
6800 90
3200 69
7100 94
7600 32
5700 10
9000 12
7600 21
900 14
7100 16
100 28
4400 31
3000 86
6500 75
800 1
9300 90
6900 70
6600 21
8400 26
7500 24
7500 16
6900 27
8900 99
4900 36
400 16
4200 54
3300 21
6400 35
5600 45
3100 52
8600 25
8400 42
6000 91
7400 1
3200 68
7700 58
4100 34
5800 88
6100 63
1100 46
1000 73
8900 92
7600 49
3800 54
200 92
5900 12
7900 99
8100 56
4500 47
6700 24
4800 2
7100 39
6400 46
4900 55
4200 17
9000 14
4100 95
3800 77
4100 38
900 13
800 73
6900 42
6600 20
9900 90
3400 66
8200 93
6800 37
2500 15
4400 54
7500 18
1200 34
3600 89
4700 46
5800 96
6100 91
4100 64
3600 98
7800 74
4800 43
1500 58
900 9
300 58
4500 77
5100 91
8800 17
3600 10
8400 17
5400 74
7600 33
7100 86
8500 20
700 45
600 88
8200 21
5000 61
4900 49
2200 87
7100 26
500 78
900 17
8400 21
2800 55
4900 63
7600 89
1400 30
900 17
7200 66
6900 44
8800 55
100 58
1300 33
3000 56
5700 60
8700 73
8700 8
8400 68
2300 48
8700 98
6800 98
2000 54
1100 64
6700 80
5200 50
4700 93
