15000 350
3300 89
2100 28
1400 41
9100 23
7700 86
4800 17
1900 92
4500 3
9300 34
9800 76
4800 23
3500 23
3600 47
2600 86
5400 39
4900 14
4500 77
5500 58
5400 31
9500 29
7700 96
8400 16
9700 19
3300 48
4800 14
6200 84
9300 71
4600 40
5400 65
7700 86
200 70
6000 67
1400 24
4500 17
1100 18
9100 63
5000 38
2100 52
3400 81
7900 36
2800 46
800 33
7600 4
6600 38
7100 83
4600 65
4300 44
2400 51
6200 94
8200 55
5100 78
6200 6
3400 73
2200 33
9300 81
600 40
8900 14
500 4
8500 5
8600 14
6300 45
4100 66
2700 34
8600 45
6600 65
9900 91
9500 2
1000 69
3500 61
8700 29
8500 57
7200 28
4300 4
7500 39
400 91
7500 72
300 77
7700 24
9100 65
200 33
7400 61
7800 19
1400 19
2000 17
1200 52
6600 96
3800 11
8700 88
3800 38
1300 80
4300 55
9300 65
9700 28
7000 51
2900 85
4400 34
2500 94
7100 80
8700 65
4300 35
100 83
7800 73
4100 73
3100 84
6200 73
9800 5
1200 72
7200 10
500 79
9400 68
6500 16
5300 67
400 25
4600 33
8800 79
1100 63
100 49
7600 20
5700 3
7800 40
4600 1
6100 85
8600 69
5400 18
2700 46
8900 45
3700 19
5800 46
200 80
700 70
6300 48
8100 48
7700 14
1600 98
1900 43
4700 15
600 25
4600 93
2600 41
300 67
5600 54
1500 59
6600 59
5100 44
3500 84
7500 23
5900 54
4400 23
3600 44
1500 5
4900 81
7000 38
300 42
8700 26
2500 65
4900 71
4100 26
3700 77
4600 53
1500 98
1000 64
6300 37
3400 29
5900 5
8800 22
3400 29
2100 27
5800 85
9000 35
9100 14
6100 96
600 71
8800 76
5300 58
5900 93
8300 33
9300 83
3500 7
3600 79
9700 72
1800 93
2600 80
9100 41
4000 52
5800 30
9900 56
200 56
600 97
9100 13
3700 10
4400 65
1700 46
7700 56
5900 78
3600 98
3600 78
8600 36
8500 74
1500 52
400 62
6000 66
6000 69
1700 11
7200 22
8600 88
9700 29
500 63
2900 96
5100 71
600 14
7600 37
8000 76
5200 63
1600 50
1600 46
5500 58
3100 70
4300 41
7400 70
2700 70
1800 76
2700 53
700 26
6500 69
2900 24
8000 46
4900 40
9600 23
5300 40
8000 81
600 71
6900 42
3200 23
1400 30
6800 18
6200 87
2300 1
6600 6
9000 7
400 21
5400 54
7900 27
2000 93
6700 37
8300 66
1300 68
8800 38
4000 84
3000 21
4700 53
100 8
100 78
6800 41
9800 80
8000 24
1300 78
6600 28
2700 54
5400 53
9100 78
9700 69
7800 66
600 34
5500 81
1600 14
8100 91
9700 99
2900 78
7000 64
9400 67
900 86
500 40
9000 12
1500 97
3700 54
4700 81
9100 84
6400 80
600 28
2300 28
4300 88
200 28
300 56
2800 87
9800 93
7400 42
9500 42
400 94
1700 25
1200 9
8400 84
6700 52
300 75
1000 86
6300 23
9200 8
4600 97
4500 55
4800 62
8100 42
5000 21
4500 20
9700 14
7600 13
2000 26
3100 73
800 52
300 97
9000 77
3900 27
2700 51
2800 54
2600 60
900 16
1300 85
1500 30
3000 55
1700 19
4300 51
3000 90
6700 35
1100 40
3000 31
5200 9
1900 61
8600 60
9200 22
1600 61
8300 56
8700 73
5100 77
2600 94
3300 29
9500 51
1400 25
8600 11
8600 24
9100 10
9700 40
9100 94
5100 2
2900 26
1600 44
9100 2
5100 25
3500 11
3400 56
8700 99
8000 82
2200 74
