20000 350
8600 44
8900 36
1400 29
6400 92
900 39
6200 69
6900 53
1200 74
2100 11
9300 94
6600 52
9400 91
7500 34
900 55
8500 76
6800 71
4500 77
6500 61
9900 88
3700 54
3900 74
4700 14
7600 65
6300 8
6800 85
9600 87
6200 18
3000 47
200 50
1700 79
500 50
9800 82
6400 86
6400 37
5100 32
2100 11
6700 58
3300 67
5800 5
4900 67
2200 43
8800 61
4000 35
1900 24
7900 64
4200 85
8400 83
9200 18
6400 1
1000 68
8500 94
1000 21
2200 20
2000 94
3500 47
9000 70
700 99
7500 34
1800 22
900 48
3500 91
1800 28
2300 12
2400 25
300 81
7500 8
7100 2
2900 87
4200 93
8900 52
9600 21
5700 34
7000 27
1400 31
9000 55
1000 38
9500 44
2900 38
4500 90
7200 56
8500 98
4800 90
5900 32
7100 1
2000 66
300 70
1600 41
400 91
9600 33
4200 88
7200 38
500 45
1100 28
8300 59
3600 64
7500 54
7000 22
9800 27
5600 96
9600 64
9200 19
200 7
2900 23
7800 66
900 80
6600 99
8900 46
8500 39
1300 95
9000 35
5900 17
6100 34
4300 69
1400 14
2600 86
500 68
7900 83
4200 3
400 95
7100 69
9800 56
7400 23
2400 73
2700 32
2800 28
7500 10
300 49
1900 71
500 17
1100 49
9900 17
6300 72
1000 34
1600 40
6300 32
2600 45
3500 43
4300 42
2300 42
3700 61
8600 10
1300 79
2000 84
6800 44
2100 94
800 63
5800 53
8200 63
7100 8
8700 66
5200 22
7300 94
3000 42
1100 24
8200 18
5900 96
3300 45
6600 57
2600 24
1500 94
8800 67
2900 59
4600 52
9800 4
5100 65
3900 42
5100 92
8100 99
700 98
7900 5
3100 89
9400 12
2800 57
5300 87
9800 4
1100 71
8000 42
300 30
1300 25
6900 38
6000 55
1600 40
9600 27
4700 33
6200 5
4400 77
1700 30
9500 52
3000 88
7800 2
300 54
8000 49
6300 53
3700 82
2200 79
7800 25
300 16
1900 76
8200 80
3600 65
6600 23
4300 84
7800 96
4200 52
5200 65
7800 66
1500 71
8300 26
300 16
9800 7
9900 63
1900 51
7600 24
6500 44
1100 82
9200 47
4400 11
8500 84
5600 13
4100 61
8600 41
1000 15
1500 8
3800 82
3500 94
1800 70
1000 34
6700 37
2800 53
600 42
6000 51
9000 38
9700 69
2200 81
500 97
3700 23
2000 1
4800 69
600 54
700 92
3700 73
1900 26
1600 21
6200 4
4700 35
3500 79
8600 85
3600 23
2000 2
7300 53
1300 97
4500 36
2000 93
3900 34
4400 99
5800 72
5700 84
7900 94
2300 8
3400 66
8600 94
9900 97
1100 40
2500 31
8000 44
1500 93
2700 98
800 58
8800 4
3100 17
2000 71
900 4
3200 78
5500 95
2500 9
6700 19
100 28
3700 99
5500 93
4800 86
8500 12
3200 44
9100 65
3900 97
3200 17
7500 17
1900 20
8500 70
1400 86
3600 33
4700 24
4200 47
1800 94
9100 42
1600 82
4200 6
1700 61
1300 9
3100 76
5400 80
7900 91
5200 60
9000 98
9800 5
3500 83
5500 10
500 45
3100 67
4100 91
2800 45
3700 27
1300 30
300 28
7900 16
3200 22
4000 65
9400 86
9200 90
4000 82
800 85
3600 11
8600 51
6100 2
1800 81
2900 40
4800 17
3700 93
2600 49
8500 75
7200 75
7200 86
9500 13
1100 74
5300 9
1200 21
1100 82
1900 42
9800 54
2300 84
1300 63
6400 50
7400 98
4700 92
3000 79
2600 30
7200 93
9800 6
5700 91
8500 34
200 44
