5000 350
4500 53
7900 52
7600 8
6600 96
600 49
1200 49
1300 6
7300 67
1000 93
4700 33
4100 87
9600 74
9000 86
1700 97
2900 92
7400 27
2900 82
2000 19
4300 10
5200 68
3600 99
6600 27
8100 27
300 15
9700 83
700 81
9100 17
1300 93
7100 75
2600 53
7400 4
7800 93
3600 98
6300 8
8400 48
7100 89
3600 79
6600 81
9700 7
600 45
8200 13
4000 81
3700 85
7900 11
9500 57
5900 42
5300 47
4500 95
4500 96
5300 90
5400 9
5300 90
1600 63
1900 89
9200 34
8900 94
1400 64
4200 25
5800 71
5000 46
3300 15
9100 48
6400 20
7600 59
7800 35
6900 65
3800 20
5800 82
4600 56
4600 66
9300 18
6100 84
8800 52
5400 84
8900 50
3700 81
5200 22
8800 81
8600 3
4900 59
4800 30
8400 75
8900 59
9300 16
3600 16
5300 64
3900 99
7300 40
7500 81
8700 13
600 12
9500 74
5300 8
4300 13
2900 40
5000 10
1000 15
6800 27
7600 13
6300 78
9900 55
2200 8
7700 16
7000 92
8900 3
9500 80
9000 19
8700 28
8600 53
900 82
2000 66
6600 75
1400 54
3700 90
4800 69
1100 92
3200 94
6700 52
6500 60
8500 68
9400 36
1200 31
6400 28
9100 56
4500 65
4800 4
6200 24
5300 85
100 67
7800 94
9900 3
5700 54
900 67
4300 81
3300 85
3700 45
8900 68
3200 61
4900 83
1700 95
1000 43
4200 11
5200 51
8800 63
3000 57
5400 70
8700 20
6100 52
4900 31
9200 52
9000 76
9400 91
9500 22
2900 90
500 8
1200 8
2300 40
2400 80
8600 93
400 17
4100 74
3500 79
4600 43
400 25
6600 89
2700 78
3200 56
4900 95
2400 38
3100 75
9500 45
400 70
2600 10
5300 5
6300 51
1900 32
5500 58
5700 90
7800 84
100 51
8700 32
9500 12
4400 61
300 60
3800 58
7100 43
4400 74
6800 42
4900 85
6800 80
8500 33
6700 16
9700 85
900 26
2000 50
300 62
2300 65
7200 51
400 63
7500 83
9000 71
9800 27
8000 10
4000 81
8500 27
4900 21
2500 84
4200 9
6000 58
7700 62
3100 76
5800 73
9900 97
9900 81
6200 36
7000 5
6600 36
2300 17
9500 39
3000 7
500 15
1700 46
5900 96
900 37
3900 49
4000 4
3200 92
8400 67
9600 60
2900 43
3100 2
6800 52
9800 17
1700 94
1400 37
7900 44
9300 92
8500 29
8800 94
4700 58
8300 52
4200 15
4400 46
8600 86
8500 89
4200 16
6900 66
1100 55
7400 27
4100 10
1400 36
2100 77
1600 32
9600 25
4600 15
6000 71
2500 60
8000 56
1600 54
4700 28
5600 26
6400 4
2300 75
4100 45
3400 92
2700 10
3700 67
3700 52
2600 52
900 5
300 15
3900 4
6300 43
6600 88
4100 1
2400 89
2600 85
2100 82
6300 23
3300 29
3800 85
200 28
9400 37
9600 8
3600 70
9000 78
400 97
8000 95
4800 27
8500 34
2600 42
1300 28
5800 34
9200 63
6800 99
7300 34
7200 63
1800 7
700 74
6600 77
8000 31
3300 65
1700 7
8100 54
4600 86
4700 37
7400 34
500 98
6200 37
7600 67
9200 39
5800 14
4400 31
100 21
1200 29
3000 64
8800 20
5100 50
5100 84
100 44
1900 11
5200 26
3700 16
8200 72
6300 24
7800 73
4200 2
800 13
9900 41
6700 93
9000 92
200 58
5500 39
9400 64
5700 78
6200 94
2600 92
1500 81
5500 32
5800 5
8800 45
8500 16
6300 86
200 53
2900 43
4100 51
8900 32
9200 63
6800 23
700 92
