40000 350
6100 75
4800 57
2300 22
1200 88
2000 47
9900 29
5900 62
2700 26
2400 72
2000 14
4600 58
6700 16
3800 58
100 32
8600 25
2200 67
5700 6
7200 66
5800 88
1600 17
8200 17
8800 76
5900 15
1200 78
2400 89
6100 65
1900 85
3000 94
6500 10
6600 23
7500 10
5200 74
3700 75
1100 77
7900 89
1400 7
2900 37
7300 46
6800 2
9200 63
5800 60
2600 13
2200 32
4200 48
9700 93
600 95
1900 43
9200 45
5100 10
2900 69
7000 49
7900 34
6100 24
5100 80
200 4
9600 97
2300 69
7600 22
4000 63
3200 83
5900 48
800 63
1000 68
8900 56
100 95
1500 79
7000 64
1500 22
9300 19
2700 73
3400 24
2100 55
600 68
7500 28
500 78
5000 67
700 31
6100 29
1600 8
1600 99
6000 18
7400 82
6000 70
7600 74
9500 9
8600 96
7400 18
5800 32
1500 1
6600 96
5600 28
1400 85
2100 99
4900 35
400 48
6100 9
3500 46
3400 32
1700 66
3100 85
1500 59
7100 82
6600 41
5300 87
2300 73
9800 16
4200 46
5500 51
5900 13
200 3
7600 92
5600 46
900 89
2300 59
2200 42
4300 74
3400 84
4400 89
2100 4
6800 48
2000 11
300 64
6700 23
4100 31
1800 63
8000 15
1300 57
700 53
4300 49
5200 18
3600 47
5400 75
4700 42
9100 65
3800 31
3800 64
7400 48
9700 97
7700 11
3400 46
400 76
3500 27
2100 54
1900 65
3600 9
8900 29
6500 23
2900 94
400 46
7000 27
500 41
7800 85
2000 21
1200 60
2300 73
7700 90
7500 81
1300 92
9900 43
3400 71
3900 86
8300 6
9200 14
2900 43
900 7
6600 75
7300 88
3700 86
200 54
1300 8
7200 18
300 70
8200 32
400 5
2400 53
9200 66
5700 14
7800 59
2400 35
1300 92
8500 8
9200 32
1000 74
9500 66
6000 27
400 81
8500 8
5400 54
6100 3
2100 14
4200 71
6600 80
7400 26
4900 19
9200 88
9300 58
6000 1
4400 58
800 91
6000 1
7000 70
100 13
3900 13
9600 96
7500 93
1600 11
300 22
6700 18
7300 81
7300 57
8200 12
9500 78
7300 77
5200 89
4100 86
7000 46
4600 28
1900 11
6500 27
8100 99
5500 58
6100 14
7700 19
7900 65
9100 26
2900 91
3900 5
9000 63
7200 92
9800 21
4200 60
6600 47
7300 59
1200 79
1800 6
9300 89
3800 97
7500 74
9300 77
3400 24
1800 37
6300 90
5100 43
100 70
2700 46
9200 56
1300 94
9100 96
1500 81
3400 11
9900 78
2000 38
6700 11
7900 72
8400 63
4800 77
2100 46
5900 87
1500 19
5300 57
2000 82
600 80
7000 97
8900 52
5500 96
8600 82
8900 76
1300 1
9800 21
500 21
2200 39
9200 28
1600 78
500 60
2300 38
5800 4
4100 97
1500 17
5800 2
6100 58
6500 23
3700 64
6800 87
7500 69
2000 57
7000 25
4200 31
9800 85
3300 21
2200 81
2200 51
6000 78
3400 25
5300 23
4400 42
600 4
3500 65
300 94
1800 42
400 98
7600 65
5600 7
400 93
9700 47
5800 4
7400 5
8400 91
5200 12
2600 60
3700 11
6200 72
1300 35
8300 96
4600 89
2000 6
4500 49
9700 98
2400 89
5500 25
2000 84
600 97
8500 2
8800 19
900 42
7600 97
4100 39
2700 69
5100 26
4500 37
6500 9
9800 86
1600 14
600 14
2000 31
7000 64
1400 30
1500 23
9400 41
300 72
8500 81
2100 33
7200 25
9400 4
9900 27
5700 74
7400 99
7100 92
600 45
4800 1
9200 29
