10000 350
7700 79
5500 14
8500 90
9000 39
2300 94
8700 78
8700 79
3500 47
9800 18
8500 71
5900 1
9800 53
200 4
2000 99
5500 43
8800 14
3300 66
9700 47
5400 30
6800 9
2200 18
8400 45
1800 80
2000 72
900 97
6100 2
4300 19
6400 27
6800 10
5600 66
4700 57
4200 27
1600 38
5800 76
2000 31
7900 17
4600 77
6600 1
9600 16
6000 91
7300 86
5700 75
1500 81
2400 70
1500 20
1600 97
600 44
6400 62
1700 53
5200 58
7900 31
5800 35
4200 1
9100 50
4500 32
2700 60
7600 51
5900 83
4400 1
9300 65
7500 96
9900 48
9700 34
1100 92
700 64
6500 34
5100 32
6000 51
9600 33
3900 82
6100 42
2100 98
6900 1
1000 46
6000 48
8400 11
9500 43
5400 5
8000 62
4500 63
3200 36
7800 32
5600 86
8800 21
8900 87
9500 86
4300 41
7200 72
3900 51
3100 15
2500 76
300 54
7400 44
9200 97
3500 15
9900 34
9500 33
1000 28
8800 44
3100 74
7400 48
5300 54
3500 5
5400 86
2300 96
1200 65
8000 41
2500 84
9500 50
8400 96
2100 77
2700 47
3100 18
5000 70
1000 77
4600 31
100 13
3900 30
7900 54
3900 72
1800 4
2700 46
900 21
7700 36
6500 16
1600 28
1100 60
8900 36
7100 20
2400 30
2700 59
6900 98
9200 60
2600 32
8500 13
2900 37
3000 78
5900 50
9600 47
2700 54
2600 90
9800 8
2800 54
800 85
1000 71
5800 36
1900 65
4800 33
1700 96
8100 33
6400 39
4500 57
5100 53
6300 64
1000 58
7900 16
3200 48
7600 98
1000 77
2900 72
5600 59
9400 3
1500 1
2300 25
9500 49
1000 49
9000 41
9000 65
4200 90
4700 81
6900 71
8700 55
6300 63
8600 32
900 21
3600 96
4400 94
300 54
2400 36
6400 53
8400 34
9000 55
6700 75
1600 71
3500 72
1000 12
8900 71
1800 21
9500 18
9800 98
4400 67
4500 86
700 27
9600 9
200 81
6500 29
2000 49
4000 20
600 60
6400 39
6600 70
9500 24
4700 63
600 99
3600 30
1300 45
800 26
5700 53
2200 64
4600 1
4300 72
7100 69
2500 51
5600 79
5900 86
2300 39
5600 57
1100 73
1200 98
200 80
6900 47
1300 7
4800 21
2000 58
9500 12
6500 17
4400 71
9600 22
2800 61
2100 53
9900 54
700 15
4900 8
7100 43
4200 66
6500 66
2500 50
9400 15
1900 15
7000 58
5800 47
9800 77
3200 76
6700 90
6600 19
9400 61
2900 90
3500 97
2800 13
2200 58
7400 8
5300 90
9600 72
800 39
9900 75
7200 6
7900 20
1200 24
8200 16
5900 70
8500 76
3100 20
9500 3
5000 32
4900 95
3400 73
3100 96
2000 9
4500 7
6400 15
5400 6
5200 57
6000 63
6400 18
5100 41
2500 64
7100 20
1700 85
8500 17
7100 46
800 46
4700 70
7500 6
400 75
6200 46
1200 81
7300 61
8300 17
6900 8
5900 21
4900 26
3600 99
200 68
4800 31
4200 83
9400 63
6800 69
7300 67
9700 16
6800 82
5500 52
6400 35
800 92
1700 76
6400 41
3200 52
4500 87
3200 74
1000 46
8900 21
1000 53
3300 88
900 49
8100 1
900 40
1300 94
3000 87
7900 79
4700 75
6700 66
300 47
3400 45
4100 86
400 34
9300 57
1800 48
5700 13
8600 14
8600 18
9800 19
6500 25
7600 95
4200 80
3800 86
4200 4
9800 50
8500 41
100 65
4200 1
8700 16
6600 15
1100 62
600 9
6300 44
7700 78
7200 95
8200 28
3800 27
6000 32
8500 95
