30000 350
2900 62
2700 87
9400 41
7900 84
4000 8
1100 31
2400 96
8000 95
900 78
3900 54
800 84
4700 72
2700 82
5500 87
7500 68
7700 39
3400 9
7400 29
4600 16
3900 1
7800 70
1200 59
2000 82
3300 69
4600 36
4600 88
9800 14
5500 19
3300 78
1400 36
7500 7
200 40
8100 51
4000 37
1700 63
9900 1
4700 77
9100 8
9600 35
5000 43
2000 52
9500 59
4800 37
4200 25
3300 69
1200 85
8900 14
1800 40
4600 12
7900 62
7600 38
2200 29
8000 62
1100 91
4200 11
2700 41
7500 72
300 49
7800 77
3000 73
9400 15
4800 83
1900 78
6300 69
7300 6
3000 63
8600 88
6000 20
2800 81
4900 66
6000 16
1000 16
5400 70
8100 88
4200 91
7200 25
4900 15
1900 79
3800 18
2600 1
9600 4
800 5
3000 55
6500 59
8400 5
8800 75
3100 75
3600 82
2000 33
100 72
400 68
4800 77
2600 68
7500 60
9600 94
2800 93
7700 54
9500 5
1900 18
9000 61
1500 34
1200 47
8800 56
7900 63
9600 12
700 87
9300 52
8600 82
2100 49
600 51
2300 98
5400 60
1800 46
9800 10
7100 42
1500 70
2000 29
800 82
3600 85
500 57
9400 62
7700 5
400 1
2100 16
5400 65
1800 21
9500 89
800 12
9600 49
1700 81
4100 68
6400 88
1400 78
9600 71
4300 61
600 97
1500 6
4100 40
3700 39
7000 80
900 54
2000 54
6800 76
9000 50
1000 99
8400 13
3100 33
1700 93
2100 51
4000 38
7800 47
1700 50
1200 17
4500 18
2900 79
3200 87
2100 12
2000 40
5100 38
7800 1
500 96
6900 30
4800 60
6800 85
1700 51
7400 51
6900 64
8300 23
8100 49
8700 41
200 69
8900 74
100 90
7100 74
4700 78
4300 84
2200 69
600 55
4100 37
7100 23
8000 14
2300 34
7100 66
9400 24
2200 16
6700 9
2700 52
4600 11
8100 84
100 71
300 1
1600 87
6400 54
9300 67
7600 46
5100 88
9100 73
7700 68
1400 85
8500 45
4800 49
3600 45
100 71
1600 2
6800 82
800 89
4300 49
7200 24
2300 44
5100 20
6700 87
6800 87
1500 90
1600 92
1700 79
3200 54
200 50
3500 57
4600 23
9200 31
5900 22
8200 50
8800 36
3800 65
500 36
5000 10
3400 38
3200 39
1900 30
7500 71
7600 3
200 52
8600 41
9300 90
2700 18
3100 23
5200 53
6800 22
1200 83
6900 38
200 53
400 29
400 91
2500 53
1200 98
3100 3
300 92
800 28
3200 79
600 98
7600 92
7800 8
3100 37
6600 48
6000 62
2000 22
8100 66
2700 13
8300 89
1500 67
7300 43
5300 98
6900 4
9800 7
2400 78
9400 99
8400 4
200 41
3200 67
9600 85
5200 12
4200 67
5700 70
6700 19
6300 60
1000 91
4800 22
4900 89
5700 8
6200 85
7200 82
2400 92
5900 68
4400 4
2000 85
5900 97
9400 62
1400 89
4400 82
8700 41
6700 57
4700 68
9000 88
9700 17
7600 98
4500 14
8800 55
9900 80
3600 89
4500 96
6600 82
9200 80
1400 17
9400 28
6100 82
2800 43
5100 49
9400 44
6200 96
9800 24
3100 54
6500 46
9300 13
4100 9
7000 73
2200 4
2300 13
4300 39
6600 57
3000 18
200 37
5800 99
2800 34
2700 57
6700 88
5700 78
4700 59
9000 68
7900 19
200 93
4100 2
6200 14
4100 86
8800 1
7800 8
5200 51
2100 97
8800 47
8100 82
4400 21
8300 90
5800 45
6400 25
4800 74
5800 27
9900 68
7800 63
900 35
5000 7
5400 23
