50000 350
3300 73
7000 39
4100 4
6700 79
9400 72
8100 50
5100 10
4800 95
4900 62
2100 58
5400 68
1800 59
2300 95
4800 5
2600 42
6100 22
4500 98
6700 47
3700 42
2700 17
5800 40
6400 56
6000 7
5900 73
4500 6
9600 5
5300 51
4300 70
6800 12
4700 11
6100 28
7500 76
5200 47
6900 27
6000 87
1100 63
9600 10
9000 92
700 84
6500 33
3600 33
4700 61
9600 95
2800 32
4400 35
8300 57
2600 24
1400 14
2000 9
2700 68
4900 83
2100 82
8100 77
7700 96
900 33
400 58
9000 61
9300 40
5800 95
900 9
6100 27
9500 84
600 50
8900 9
2000 20
9000 48
9600 87
6200 50
5200 23
7800 19
200 5
5600 86
9200 78
1000 73
1900 72
4600 5
6600 18
9400 15
3700 62
9700 22
6700 84
3200 2
9200 74
5000 49
5400 44
8700 29
400 38
2200 46
6600 5
1700 66
9100 92
2300 44
6800 66
4100 33
9900 23
5200 31
2800 23
9400 22
7800 20
7900 67
4500 80
7100 88
5000 88
8800 78
9200 66
1000 47
9900 43
1700 13
9200 85
1400 30
200 4
5400 49
6400 19
1200 36
1200 87
5500 44
1000 46
4000 79
2600 90
7100 39
4600 73
8900 88
8300 4
6900 92
2700 60
6200 31
4000 73
7800 85
2900 2
5400 32
9900 14
6300 11
600 69
8000 12
6300 19
5700 63
1800 24
7300 56
3200 48
2300 4
7100 1
7300 83
9000 11
9700 65
9100 80
8400 89
4300 57
4600 28
400 41
6000 51
9000 53
1700 84
5100 22
7500 38
6400 22
1200 70
6400 40
400 20
6900 27
7100 70
7600 56
7800 41
200 13
6100 64
5300 91
7700 92
7700 54
5500 69
1900 86
1600 69
4500 65
2100 61
5100 39
2900 12
6800 81
2900 94
7200 12
500 47
7300 84
5700 92
5100 21
9900 41
2900 41
4200 9
6500 30
8900 86
7500 37
9100 64
3800 21
4900 6
900 82
3700 3
6800 30
5600 40
4100 17
6300 25
1900 66
6700 51
1000 26
8300 75
7100 57
400 75
600 63
1500 4
8000 95
5500 92
1600 12
9900 74
2800 82
9300 11
9500 63
3400 91
9900 80
5400 1
7500 29
7900 33
7000 88
4700 74
3000 96
7300 11
9300 37
6600 5
8200 69
3200 54
7200 49
2200 71
6300 40
5500 92
3500 45
2500 24
2400 15
6000 76
5900 90
5100 35
4900 20
8800 31
4300 26
5000 19
3100 32
300 14
900 30
3900 71
2900 74
900 34
4900 64
3200 35
9600 5
6200 59
4200 75
2400 12
9800 23
8300 1
4600 88
1500 31
7600 11
5600 50
7800 32
4500 27
2500 45
6400 63
6900 59
7700 76
6600 72
7100 23
400 67
2900 5
600 36
2100 81
9300 10
8700 72
3100 67
6200 22
3300 8
2500 76
1200 41
1300 24
7600 26
2800 33
500 67
4000 92
3400 27
5500 68
6000 8
5900 65
3900 70
2300 35
9500 44
6300 88
4000 17
5400 96
600 8
3300 44
5800 9
7200 81
7200 77
8200 13
4800 4
700 87
3800 47
200 13
4300 26
9500 19
9100 3
4800 17
7900 10
2800 95
1800 3
7200 85
2500 67
4300 8
2700 8
7900 87
5500 19
2000 5
2200 27
9900 50
9100 23
6800 21
7100 95
3800 38
4700 45
1500 80
9700 45
3300 29
1300 60
1100 6
500 79
5900 31
6000 28
2800 63
1500 74
8500 83
4100 46
1000 76
3200 37
7800 27
5400 75
4000 93
4800 23
6400 59
1000 39
600 49
5900 19
7600 92
7100 61
9800 49
2500 97
1000 79
5800 66
4700 90
