15000 400
8300 10
5400 72
500 91
7200 66
8500 8
7500 2
9400 87
6000 96
1400 90
6700 17
8800 75
2300 34
1400 33
3500 31
1900 22
5200 94
7100 4
1100 93
7900 50
5300 35
4200 93
700 14
4900 93
3000 80
3800 1
5000 69
3500 9
3500 7
7700 82
7200 5
700 79
800 81
100 82
5900 19
3600 82
2400 33
4800 59
300 47
4300 27
2400 78
6600 90
3600 63
5900 22
2800 43
9500 37
5300 27
4100 50
5600 65
2100 64
3800 67
2700 41
1700 37
8900 72
3500 87
7700 21
8800 89
1200 75
6200 93
1100 14
8800 13
8600 31
3600 36
9600 58
6200 63
5300 62
5700 9
7100 7
3200 91
2100 33
9100 56
7500 14
6800 65
3700 51
4900 51
4400 55
500 8
3100 74
1100 47
9900 31
9800 9
5900 27
8900 66
800 42
7800 96
4900 43
5700 83
2200 30
7100 23
7000 72
7000 96
5300 36
4300 36
3100 27
6900 25
6900 53
5800 63
9600 16
5100 98
2500 69
6400 4
1500 99
2800 85
300 28
3600 12
5100 69
1600 3
7300 88
3600 63
5500 33
6200 45
9300 62
5800 8
100 60
1400 27
5000 37
8600 27
6400 28
9600 12
5500 11
3300 69
5700 8
400 57
3100 79
7400 95
700 92
3400 28
5100 53
4100 43
300 45
3700 56
8200 40
4100 51
8000 24
8300 41
1500 52
6700 82
7500 75
600 99
6600 24
8600 86
2700 52
5300 40
500 66
3400 28
8500 54
4900 5
8700 44
4000 41
2700 70
7200 27
300 81
6600 18
6800 19
7100 67
3900 46
6500 41
7000 58
8900 30
3600 95
6200 5
8500 9
6800 37
9100 5
5300 77
5100 64
2500 93
4300 42
4700 31
9400 53
2900 75
9300 40
700 76
9800 5
8500 85
5600 15
4500 18
1000 38
8200 72
200 86
8700 58
6400 3
3000 82
1700 83
1400 15
8400 38
8300 90
8500 79
6400 53
6500 91
2700 75
3900 7
700 76
100 49
4000 80
2700 25
5700 97
6400 93
2400 65
5200 86
5100 94
2300 48
2300 42
2100 89
7000 31
6200 42
7300 29
1500 86
3100 27
1800 46
7200 73
2000 34
9400 87
4800 50
8000 84
8600 90
8500 31
5500 29
800 73
4900 50
6700 7
3700 90
9900 90
700 53
9300 50
9800 88
5500 76
500 38
100 17
9400 65
7400 47
500 83
3100 63
2100 90
700 71
8800 20
6000 68
6500 92
5100 45
400 54
4400 97
200 71
8700 51
3200 78
6400 88
6900 57
4000 79
6100 24
1200 76
8500 26
4600 12
4600 50
6500 11
3500 30
8900 66
6100 83
7200 71
1500 52
1000 91
400 43
4300 17
7100 68
1400 40
7000 94
5900 42
9000 6
7100 2
7200 37
400 56
1800 46
9200 32
8600 57
4900 28
6500 89
8300 89
800 4
500 86
9000 25
1400 60
8600 54
800 55
1500 44
4100 45
200 78
9400 62
7400 72
4600 86
3300 4
7800 44
3900 91
6800 28
600 15
5500 90
7500 62
3800 43
7000 75
3800 40
9200 11
300 51
9300 18
9900 86
5300 76
2200 62
5400 53
6300 14
9800 62
9000 20
4400 7
7100 23
5400 30
4300 35
3100 51
4900 4
5000 8
5900 49
4800 59
9400 76
4300 19
1000 61
200 35
9200 46
5900 43
5000 94
8100 10
2700 22
6200 8
1900 53
5500 79
9200 12
9300 26
200 87
1300 41
600 30
2300 94
7900 1
3000 91
1900 66
8600 34
4900 78
4400 87
6300 2
4300 50
500 34
8800 23
6600 68
7600 4
5300 34
7200 41
2500 94
7100 52
8000 20
3800 43
8800 33
4800 18
8900 36
4700 12
4800 42
4400 12
6700 57
1600 29
1500 3
6600 18
4600 46
2900 33
800 95
6800 39
1900 58
6700 25
3100 46
9000 29
5500 57
7700 99
3400 16
9600 91
200 4
1000 20
7500 17
6500 49
5700 61
1100 7
5500 31
9900 78
8900 36
100 52
9300 73
5100 25
1800 75
9200 2
2000 98
7400 95
2100 26
6200 75
5000 31
1900 63
4600 50
9700 39
1200 59
5100 9
3200 79
4100 15
1600 48
