45000 400
6000 40
4000 90
7200 70
1100 84
8600 99
1400 56
3600 96
1600 61
9200 82
2300 52
4600 85
9100 40
6000 66
1700 2
9700 99
9300 14
1400 28
3500 40
1300 12
6300 12
8800 43
9500 45
6900 92
3500 57
2900 68
1700 26
4700 13
4900 60
8200 93
2900 72
2100 43
5700 34
8700 47
9100 7
6300 95
1400 9
7700 13
4400 47
2300 20
4400 51
3800 21
4000 46
6600 31
3800 43
9400 39
7100 37
3300 4
5800 18
700 13
9600 56
7800 82
200 33
7600 34
3200 89
4300 23
8800 69
2200 89
7300 28
3600 63
3600 99
400 98
1200 89
3500 70
2000 88
9300 25
9500 17
9700 4
7500 56
800 31
6800 42
9400 36
9100 77
3100 98
3200 49
7600 29
2300 47
3200 47
7000 40
7500 29
1000 99
2500 82
3600 44
2600 89
1100 54
600 10
300 14
6700 22
4900 61
2900 20
3200 75
4200 11
4400 74
2500 94
1000 28
9300 27
2700 95
5000 60
700 92
2800 8
4600 24
1500 78
1900 98
3400 53
8800 66
2700 11
3700 76
3900 54
3300 48
8700 70
200 80
9000 21
6400 24
7000 64
8000 97
7400 72
6500 42
7900 25
4100 81
9000 71
5900 75
4400 30
9600 49
7300 32
9200 48
500 29
6200 89
4800 11
5600 34
4400 65
9500 31
3900 56
3500 4
5800 69
4800 24
6700 58
4600 25
3200 15
6700 22
9400 2
2100 2
6400 75
4100 18
900 53
5400 74
8600 61
5600 91
1800 60
3500 19
2100 59
4800 88
400 99
5000 35
5000 69
8500 72
5700 51
300 49
7100 23
3900 84
6600 83
5600 20
1600 80
1200 67
7400 76
7900 91
6900 34
5100 95
4300 46
3500 56
8100 11
1500 89
7900 20
1100 41
6900 76
600 84
1300 82
5400 30
2900 41
9000 6
4200 31
2100 89
5300 92
1400 62
3100 64
1100 18
9800 33
300 98
800 36
4500 93
8600 31
200 21
4400 54
1700 11
2200 32
7500 74
9000 10
8200 61
9000 59
7200 26
4400 23
7800 64
9600 82
300 54
5700 42
7800 41
2700 1
8700 49
2400 11
8900 74
5400 77
1600 43
8800 77
7100 69
9000 45
600 49
4100 6
9700 70
5000 27
6100 69
7200 27
9900 97
1700 10
600 85
3700 33
6500 6
600 85
2100 97
6300 23
9300 71
7000 13
9100 69
1900 15
3300 22
8400 20
3100 69
7800 23
7500 68
9200 8
7300 40
9900 85
8600 98
4300 86
1400 35
1300 88
7300 3
5000 53
9800 23
7100 81
1800 39
8800 98
7200 23
9100 31
1800 31
5600 19
8400 64
4900 83
5800 50
6100 10
2500 25
5000 57
8600 90
6700 58
4200 52
7100 85
4000 34
2800 37
3100 44
700 6
6500 23
1100 34
3600 29
1200 17
4500 45
7000 17
6000 38
3900 60
8000 55
2900 2
7000 4
2500 8
8000 80
800 45
1200 26
3900 44
4300 37
6500 41
1600 3
8000 35
9200 19
5400 11
7600 59
8300 87
8200 8
8100 81
6500 60
5400 71
4300 76
2400 92
3300 78
4200 78
7700 18
3200 41
4900 37
9900 5
5000 65
7100 4
6400 6
3900 85
2900 41
9800 29
3000 57
6800 55
9600 70
5200 51
5700 69
1600 74
5500 1
500 15
4800 52
6200 95
6400 9
5800 41
5800 21
1100 5
2100 62
8300 56
5000 42
1300 33
6600 96
4500 4
2100 88
600 55
6300 14
2900 7
6500 4
200 30
5000 1
4100 94
4900 59
4400 14
2600 37
200 53
5800 43
8900 97
6900 40
1200 21
4200 36
7800 24
100 67
4900 15
2000 89
4600 11
9300 97
2000 53
800 51
5600 28
5800 5
8600 51
3400 38
8600 28
7300 79
3100 42
3800 94
8400 4
7900 10
9100 5
2200 49
4500 67
6100 51
5700 90
1500 1
1200 42
7200 74
1500 1
4500 31
600 19
8500 82
4800 19
2000 61
3100 6
700 92
500 41
9000 32
4200 98
6400 54
7400 46
3700 67
5700 61
7400 20
4800 43
2400 75
3300 3
1200 35
2000 6
3100 78
8300 76
2300 47
2100 10
1100 71
7900 29
7900 95
