35000 400
9800 29
3800 57
200 78
8600 46
1000 14
500 64
4300 74
4900 53
5900 34
2800 6
900 3
7700 63
6000 98
9600 99
4000 17
4100 65
7700 95
8200 44
5600 65
900 43
200 43
300 97
7700 57
4000 79
3200 41
2200 38
1500 49
300 39
8800 62
7100 96
1400 46
1600 64
1100 51
9700 32
500 85
5600 30
8900 45
1600 15
7500 46
3900 97
9200 36
8300 63
3900 3
1200 5
2700 62
9300 2
5600 69
5100 1
9900 68
5000 20
7300 79
7900 23
6600 34
2300 49
7200 80
9500 86
1800 37
400 64
2900 11
6800 69
9100 68
6200 98
5700 56
9900 47
8700 84
4700 98
1300 1
800 80
1000 24
5700 7
9000 24
9700 46
5500 98
8200 54
7100 39
1600 47
3400 77
6800 23
200 94
4200 49
8700 7
3300 69
4400 36
7000 93
4500 23
400 89
4600 70
1100 21
3200 13
3800 60
4100 18
9300 90
9100 55
1000 26
6900 45
2800 99
7200 44
9500 92
3300 24
8300 71
6100 87
3800 75
3500 67
4900 24
1700 15
4600 30
6400 52
7100 92
9300 11
4100 59
7000 5
6200 85
8500 40
8500 97
3000 37
7800 47
8300 27
7100 18
7600 36
2900 9
3700 51
9500 68
6200 34
5300 84
9500 61
5000 92
7400 50
5900 79
2400 25
7500 94
4600 12
6400 65
8500 58
800 3
6600 67
1900 39
1400 41
400 13
7500 9
4700 25
900 42
900 3
9900 73
7300 25
2400 15
8900 56
6900 7
900 65
5300 41
2300 64
6700 93
2300 4
9500 2
9700 7
4700 78
5600 30
5300 70
7600 59
5300 44
4200 49
7500 97
3500 67
3900 48
6300 77
2900 27
8700 1
1600 58
3600 92
9800 70
4400 28
100 18
3000 63
2900 8
9200 72
4300 88
9900 86
8900 81
1100 7
7100 16
1400 52
5200 56
800 21
8800 81
1200 74
300 81
6700 36
5900 19
8500 90
500 44
8000 87
8400 64
9200 39
2400 98
1000 85
4800 25
3000 34
9000 84
2100 16
9600 63
8000 83
7300 10
6900 28
7000 12
4100 93
2300 82
5100 36
3500 89
5700 20
4900 97
6500 82
1200 89
3100 81
9600 74
8800 12
400 22
1200 82
700 79
9200 65
3000 84
9500 19
1700 98
2700 21
9700 5
2100 32
6700 2
1300 54
2100 90
6500 74
2200 8
7200 1
8500 22
6600 7
2700 23
800 94
5300 39
1500 45
2800 52
2700 62
300 78
9200 92
5700 97
400 23
1600 43
9100 23
3900 86
6000 81
5400 75
5200 20
5000 10
6200 10
2900 48
7500 83
1500 88
6800 91
9100 89
6600 18
1200 84
6900 86
2300 86
7800 21
9800 60
200 49
7900 53
2600 81
6800 24
2000 92
7100 63
700 99
5100 75
7400 46
3100 29
8100 14
4900 5
8200 46
5500 9
7800 15
500 94
7800 80
8800 48
9100 47
4500 72
4900 38
3800 36
7500 21
9300 33
1900 15
5300 53
7600 79
1000 98
4800 73
1400 17
5900 31
2300 87
5900 69
7100 66
2900 37
4900 15
6900 79
7600 35
1800 91
6400 35
7300 11
3900 56
5800 43
4100 34
3200 97
2600 27
9900 72
8400 98
1100 9
9900 99
8900 5
5100 62
900 84
5700 50
7100 7
2900 23
6400 53
4200 15
5400 41
2900 10
8800 50
4700 49
600 38
1500 96
8500 11
9600 91
1200 13
3400 92
1600 79
2300 51
500 64
100 86
7100 77
500 78
4500 6
1800 49
300 54
9200 17
1300 26
7500 86
7700 66
9400 38
500 10
900 89
9900 35
2000 9
7000 48
1300 35
6300 38
9500 12
3000 23
200 12
5700 32
8200 10
2600 12
8900 66
5700 64
4800 74
1600 20
6400 64
5000 2
9100 1
9000 74
900 53
4700 11
3200 75
3800 4
100 68
3700 6
6000 98
5500 60
3000 54
1800 38
7200 41
2400 40
2900 19
6200 32
9700 10
4900 48
6500 93
5700 3
5200 17
3900 67
2500 79
6700 5
5300 98
9600 80
5200 1
7500 91
8900 20
8500 63
2300 35
4900 37
5800 55
6800 57
5000 93
7100 3
900 89
700 39
