10000 400
200 66
5200 82
3100 37
9800 79
8800 9
6000 95
7200 13
2400 9
4800 49
500 32
4600 67
5900 37
5500 74
7000 65
6200 96
1400 92
8600 16
6400 49
3400 54
6200 17
5900 52
9500 47
4600 95
3500 17
3100 38
1000 10
1000 16
3300 57
2200 65
8100 31
400 67
1900 98
300 17
800 36
1800 31
9600 2
9200 97
8800 51
3800 47
4700 77
8000 88
1100 37
9400 40
5600 7
1800 34
9900 58
5900 42
6600 84
6700 99
6100 70
1000 31
1200 10
8700 95
3600 17
4700 68
1700 17
900 21
300 99
3700 17
1100 95
300 42
2700 1
1100 37
9600 8
7900 26
8000 73
1900 73
900 16
6900 37
4000 93
1200 61
8200 8
9800 40
6200 33
1800 19
5400 79
1400 14
7600 77
6000 43
8700 91
3000 56
9600 96
5000 14
7800 31
3700 84
300 38
3600 55
5300 36
200 95
400 9
400 77
8000 79
4300 15
5200 25
1600 83
1100 10
5600 17
3400 34
6700 52
7500 78
1900 66
4200 37
8200 67
9000 94
8500 40
9000 9
700 64
5600 48
500 87
8800 97
3700 81
4300 5
7400 55
1600 45
1200 15
8300 60
6100 94
9800 61
3600 21
9800 28
1500 56
9100 30
5100 7
3300 97
6800 67
2100 33
6200 73
8400 76
3800 58
8200 3
5400 60
3300 25
3900 44
1700 57
7200 45
4300 1
9600 34
9800 97
7700 42
1800 98
2600 80
900 86
5200 30
8000 29
2700 60
2400 13
8400 8
3900 32
3400 19
6400 5
5800 45
2800 83
1200 45
4900 70
900 32
6300 64
500 29
5200 82
3200 87
4800 39
3500 42
5200 32
2500 84
1300 48
8600 13
6600 27
1100 26
4500 66
4200 48
5000 21
6700 59
5900 30
2200 45
4400 22
7300 86
4900 64
7700 3
1200 46
500 51
9500 62
6200 87
7800 88
1700 66
5400 88
9400 44
7600 62
6900 39
7000 76
2400 82
5100 33
2200 31
8700 64
7700 43
3300 65
4200 84
4600 49
400 95
3000 13
2100 16
9000 20
5500 67
2700 39
700 32
5800 23
100 2
9800 67
1000 72
800 22
5600 17
2900 98
7400 94
900 28
7300 12
4200 84
1500 19
3200 95
9900 18
6500 46
100 55
1900 4
1200 95
2500 52
7500 84
8400 11
4600 73
8600 18
4100 85
9300 23
3100 54
3100 4
1400 29
9000 74
3900 35
4800 60
8400 87
200 38
600 59
2200 89
9900 61
3600 63
8600 45
2900 8
8600 45
3200 13
4000 12
7500 37
7600 4
6300 61
3600 82
5300 52
8800 74
600 45
3100 2
6500 94
8700 87
3700 96
2400 33
6300 68
5400 20
4900 79
9600 24
3700 39
5500 20
2500 85
3400 71
4400 12
5400 64
6000 6
3400 69
4600 24
1100 90
8800 54
7500 54
3800 78
9300 97
3400 66
700 26
5800 90
5600 36
8300 99
8100 25
1200 8
700 33
7400 13
800 99
5600 97
800 19
8300 20
2100 90
3800 5
9800 38
6500 14
5700 15
8400 46
3700 76
4400 73
2100 72
1400 16
3700 89
1700 53
2500 36
1400 15
8500 3
7100 25
1500 52
1600 99
7200 14
7000 73
4500 50
3500 32
7400 56
7800 62
9800 99
4700 36
7800 73
4800 15
2300 65
7700 22
3400 98
2500 78
3500 41
5400 9
9900 57
8900 74
1900 45
7300 83
8500 39
3600 72
6300 78
2000 12
6600 7
4700 30
8300 75
5700 54
1200 93
200 43
6600 88
1600 20
2500 71
5800 12
3700 82
9000 80
5300 82
4200 13
2400 30
3400 49
4600 51
200 60
5500 30
9400 46
8300 32
8600 16
8400 10
2200 87
1800 67
3900 83
3300 79
900 40
2300 5
2000 98
3700 87
4700 21
2100 4
9500 34
6600 66
8800 3
800 52
4100 34
5800 90
2400 40
200 27
3800 1
6200 9
800 51
8500 62
9800 83
600 32
1000 99
3700 63
600 99
5900 83
1300 94
3300 54
6100 91
1400 74
5700 23
3200 16
3000 65
300 58
3200 60
6500 3
5800 74
3700 40
1100 59
5900 66
6600 60
9200 14
4500 11
900 91
9900 55
