30000 400
6700 92
8500 99
5200 32
4900 68
3800 60
2400 89
1200 14
4200 17
3900 90
7900 48
4700 77
6700 41
5800 12
6400 76
1300 76
1500 55
4500 65
5100 44
7500 36
5300 19
100 74
6900 67
8400 94
2300 24
3500 75
8700 13
5200 16
3500 95
2500 37
6700 24
3000 65
4000 38
4900 31
2300 80
5900 65
7400 24
6500 4
3200 7
100 69
6400 34
5900 26
300 87
2700 12
6300 74
3200 47
7600 29
6500 24
6800 49
1700 52
1900 30
8700 68
1600 2
5600 33
7200 13
3900 40
1800 60
1300 69
3300 5
3300 66
4000 67
800 95
9300 27
9400 10
5900 48
4100 25
5900 61
7000 45
7200 96
2400 33
200 62
3400 63
4100 26
4900 31
7100 52
4500 22
3900 28
1900 68
3200 80
5900 63
3900 58
3400 63
1000 23
5600 66
4800 68
5600 33
300 72
3200 4
4700 98
7300 61
7200 52
700 43
1800 43
3400 34
2000 39
5900 1
8600 32
6300 51
3000 6
9500 93
8300 18
4000 4
500 52
2200 99
3700 35
1500 44
9800 37
3600 16
6300 91
4800 49
7600 68
5900 33
8800 57
1600 33
3800 17
4700 44
9300 71
3800 22
6100 47
3500 23
8500 36
1100 77
1500 80
1400 57
8800 20
1300 33
5700 93
8300 52
6100 10
4300 49
5700 62
1100 77
9600 50
3700 74
9000 97
3200 64
3000 96
8100 56
9300 43
5600 2
3000 21
1600 22
3800 69
2100 95
2300 31
100 80
2400 69
3100 75
4500 9
1400 65
7700 13
9800 45
7600 2
9900 79
5400 7
5400 15
9700 34
4100 74
800 25
8800 81
8900 50
700 56
1900 17
9800 64
8800 80
9300 78
4800 36
2300 1
8900 9
2600 14
3100 23
7700 79
2900 33
9300 43
8100 89
8700 92
5200 67
5600 25
500 37
6900 73
2700 56
4600 85
8300 75
1900 45
8100 92
6000 44
4100 56
8700 2
6100 21
3000 8
8800 11
5600 85
7800 4
8500 40
3500 91
1800 74
1800 84
4000 97
2300 17
4100 1
3000 71
2400 96
8200 41
2100 31
8000 95
4300 91
200 52
1600 88
3500 6
8900 53
4600 33
5300 54
7500 78
9300 26
7500 65
3900 84
6900 2
5100 20
1500 69
5700 86
2800 96
4700 67
9100 86
400 14
8300 96
5400 7
8700 20
5800 56
4800 83
6900 91
3500 2
3800 25
8200 70
7400 59
6700 5
1300 73
4200 64
3200 41
2100 35
5100 92
6000 57
6300 63
9800 99
6600 57
2600 32
1100 35
3000 86
6000 80
9400 2
4200 99
6300 65
7100 75
2700 81
8700 79
5400 77
900 65
7000 59
3200 69
3500 3
4000 96
3600 7
9200 19
9500 57
100 83
8900 87
3500 27
800 30
1100 42
1000 77
4500 73
1200 69
8000 3
2400 23
4400 55
1900 20
3800 46
5400 97
7900 84
9900 57
2500 45
1500 33
2200 79
3200 43
2300 53
700 80
7500 67
7100 81
5900 5
5100 54
5900 95
7000 3
9800 32
600 94
7500 38
8800 42
8500 76
6500 54
1000 81
9200 79
7100 38
3400 46
300 68
4900 50
3300 92
7500 97
5400 23
900 5
3900 50
5500 1
4100 65
3200 63
3600 84
5600 47
5600 78
1200 56
9100 56
6600 46
4400 60
3000 41
1300 53
3800 51
6500 56
2700 46
2200 31
6600 15
9800 2
6500 27
5900 22
300 93
3700 50
3700 63
1800 56
8900 12
8900 42
800 14
8200 10
1200 68
4800 99
600 43
700 30
6300 43
4500 32
6700 96
5400 74
3200 4
1300 79
200 88
7000 96
2400 11
3100 7
8600 77
3600 80
1300 34
400 91
7800 21
3600 48
2300 13
400 73
2800 70
200 39
3300 3
2600 99
6600 35
7300 91
9000 47
6900 58
3900 88
6000 33
7400 50
1400 13
3200 35
6500 49
6300 19
6400 59
7000 69
1500 49
8100 69
8500 42
3700 99
5000 83
5500 8
4400 85
2700 71
400 77
4200 94
6100 75
3800 36
9800 31
1300 56
5100 36
3000 87
4600 82
5100 6
500 37
1400 81
9600 67
1300 91
200 51
6800 13
4400 68
3100 54
