40000 400
9000 56
6300 34
8100 9
4900 94
7000 96
8300 28
2100 6
9100 60
6400 20
5400 95
4700 29
7200 68
4700 95
8500 48
5200 32
4800 75
5800 33
9500 76
8900 95
5500 17
300 4
3500 30
3200 46
5700 91
1600 83
500 81
7200 45
3800 38
3400 4
9900 78
3200 94
700 38
9000 28
2800 74
5900 51
4000 16
8400 61
900 19
1500 86
9900 13
3100 98
8900 48
500 87
1000 75
3500 1
8400 81
3300 85
5100 54
3300 10
1600 88
9300 79
2600 75
1300 11
4100 58
500 84
7800 49
4000 41
6800 60
5200 61
500 70
9000 54
4800 68
4200 75
500 10
2400 72
8500 57
4300 94
5500 49
8100 59
3200 3
5700 98
300 63
3900 76
6700 21
1700 19
500 12
4500 70
7300 79
8500 61
2600 20
8900 72
9000 16
200 76
2500 76
8800 23
1100 60
7600 16
6100 12
5400 12
8100 71
3900 92
4400 3
1900 12
500 96
6100 9
4100 11
4200 18
7400 11
9800 38
7500 97
3200 74
6100 99
3400 79
6100 16
9000 73
6600 91
2700 49
2200 88
1500 40
4300 6
9500 51
5200 8
2300 73
6100 50
6300 70
7600 64
3000 31
300 97
7600 87
1500 43
2500 64
3000 28
4900 36
6100 22
3100 39
6900 23
8000 19
4900 31
6900 25
3600 59
4300 48
7000 49
7500 36
5600 80
1600 20
2700 42
800 75
9000 14
1300 50
2200 60
9200 49
2700 36
2800 88
7500 85
1100 45
2300 23
3400 75
400 66
7200 40
3600 35
300 84
8900 5
8500 90
9000 23
4600 99
300 94
1600 65
1100 50
600 95
8700 74
1500 23
2800 98
5600 55
9500 56
2300 6
3300 4
2700 37
5100 2
2600 58
1400 36
7300 87
6900 49
5300 1
600 68
5400 60
7500 94
8900 86
8900 10
2500 69
3700 18
7800 46
7700 52
3100 52
5000 12
9500 83
6500 58
6000 95
5800 8
6800 22
5900 23
5300 35
400 62
7600 44
9600 68
5100 56
7900 49
3800 82
6200 50
5600 62
6400 89
3000 74
8100 90
1700 64
5600 51
6000 75
2100 93
1500 56
300 36
4300 37
5700 1
3000 8
9000 67
8600 61
7300 87
9600 67
8500 41
3200 52
1900 67
8200 37
2100 29
4200 33
5200 29
7400 90
2100 28
5800 27
5300 92
8400 56
4500 96
8800 79
3800 17
4200 88
300 36
9600 36
8800 86
6100 33
1000 52
5700 6
5300 29
600 23
3700 72
5600 1
200 99
7200 60
2900 65
5000 38
5900 79
8400 31
4100 34
9900 76
4500 42
4300 4
3400 26
1100 3
2400 1
8500 54
7300 8
1400 57
7900 12
3600 51
9300 24
3500 93
5000 3
3600 92
4600 47
9200 71
5600 89
7400 13
6100 74
8200 94
2800 1
4000 49
700 6
7300 36
2800 38
200 29
2700 56
3800 46
200 66
4100 86
7700 81
9200 26
2600 42
6900 8
4400 97
4900 90
3600 83
600 39
9700 24
6100 5
2500 58
6200 53
600 24
1700 2
3200 96
4300 37
500 35
8300 87
7400 8
3700 65
6800 65
4700 10
4500 8
7600 1
400 3
5200 5
9300 53
7200 15
7900 8
9000 5
3300 36
400 97
2500 88
400 65
2000 66
6200 4
200 37
9100 42
8200 61
100 50
5900 44
7200 61
8600 93
1300 76
4800 8
2600 11
4200 30
6100 45
5900 77
2900 85
7800 73
4100 39
100 35
6200 64
6900 33
5200 42
1400 19
700 67
2500 24
5100 65
7200 66
1200 80
6000 87
5800 99
6300 60
3700 79
4200 68
2300 7
9700 38
3100 83
7700 74
9300 21
7600 2
7000 7
7100 63
9500 66
5300 6
600 69
9900 60
6600 40
4500 8
5900 91
7900 73
7100 64
7600 45
7900 96
4600 70
3100 75
1700 27
7200 85
500 41
5600 95
7700 33
800 64
8500 54
700 21
400 55
2400 28
6800 83
6000 14
3900 86
4800 39
600 1
9900 31
1700 72
2100 79
7800 74
7800 58
2500 16
7900 46
1700 23
3500 27
3400 71
8300 26
300 44
8000 1
2000 55
7200 12
2200 37
1600 85
4200 58
