50000 400
2000 44
6500 46
7700 53
600 88
1300 97
5700 64
1600 80
5700 59
3700 90
9300 56
8400 65
3400 32
7300 34
4400 73
4800 32
4200 94
9800 85
2500 4
700 12
900 7
8700 3
5000 62
2900 41
8200 92
4800 96
5800 36
4800 81
8700 54
1400 15
7600 9
900 72
8400 89
7000 47
6000 34
100 98
9000 15
7700 84
8400 81
5600 66
7700 13
900 22
1900 3
6300 2
5600 37
4300 6
9900 40
9800 35
7200 67
9100 4
1600 65
2600 50
3600 9
3200 7
9700 64
7400 89
9400 53
1800 49
2700 29
9700 43
4200 77
1600 15
9200 95
2300 80
2700 38
4900 50
1000 17
5100 92
3100 86
1700 77
1000 72
300 95
700 87
9800 36
500 63
4700 25
4200 34
7000 94
2500 83
3500 37
400 51
5400 47
3000 95
3600 83
500 55
2600 59
9700 19
6000 36
3100 87
7700 44
3600 50
100 18
9700 26
700 35
9300 56
7100 55
2000 69
4600 26
4200 8
3200 42
2100 60
6900 62
2300 1
7300 73
6300 18
200 67
8700 24
4000 60
4000 20
5400 75
900 12
7900 86
1600 64
1400 21
5500 49
1800 18
6400 77
3100 27
7800 5
6800 30
1100 40
9300 24
300 46
1200 66
8000 25
8100 38
2300 78
5200 33
7800 97
4100 61
9500 97
1000 52
1000 82
8100 31
9900 92
6000 31
9600 8
9500 86
7000 31
6400 74
900 12
7000 55
9100 33
2000 7
700 53
9400 13
9800 27
1600 21
5600 8
7200 9
300 42
7200 21
2500 16
500 94
7000 93
5800 75
6000 61
7900 73
2400 91
7700 27
4200 72
2600 56
3000 55
8700 92
2600 28
6900 17
4600 35
5500 54
7600 13
2700 32
8700 82
8300 90
8200 37
9400 93
9300 47
3300 59
5900 97
3500 87
2800 40
7100 48
1400 23
3100 40
5300 42
8000 80
2500 77
5000 56
7200 45
1700 11
9000 72
8100 99
1300 65
1400 79
6600 85
8500 74
1300 53
5700 27
7200 97
1300 93
9300 77
2800 32
7900 57
100 57
7600 91
8200 91
4800 65
3100 69
3300 49
4600 55
9300 11
1500 79
7700 48
2500 52
2700 31
4900 9
5600 93
4400 10
5800 9
1900 53
7900 52
9400 41
1100 42
3900 78
9400 12
5800 46
5800 95
7000 1
3800 27
8900 40
6500 62
6600 15
400 57
8300 66
4600 28
6300 32
9400 96
100 76
2700 72
3200 71
4600 55
7800 57
200 62
4000 54
3400 34
1700 63
2400 4
8200 26
2400 8
3500 81
2300 14
5500 95
5600 90
7200 61
8900 52
5400 11
9700 14
3500 86
1800 65
9300 43
1000 37
5800 60
9300 78
8800 77
800 60
5100 35
1800 9
4000 36
3700 23
1300 46
6600 83
2700 48
5500 57
9400 43
9200 3
7400 63
6400 50
1900 84
9100 48
6900 5
2300 5
800 98
2300 90
4500 60
1600 84
5900 9
8600 76
1800 91
5000 79
7800 64
3200 62
4800 57
200 69
6400 86
2100 54
9600 33
7400 54
9200 55
3200 64
4600 55
5500 92
3400 48
6400 47
200 51
8500 37
5900 8
5200 11
7800 28
8400 29
3700 16
1900 18
7900 13
9300 36
5400 70
4900 89
8700 29
9200 82
4200 40
3000 10
700 84
2300 19
5500 52
8800 4
7600 31
400 65
500 33
3700 62
4500 57
6200 7
2800 98
1100 57
2300 32
600 43
4800 41
5700 9
4200 30
6400 72
5800 87
2100 9
8300 27
8700 1
8100 25
800 76
6500 61
8300 35
4100 60
100 96
6800 52
800 58
8900 52
8400 56
200 78
900 38
6600 72
3000 94
2900 62
1500 76
9900 61
6900 52
1500 39
2700 84
200 58
3700 21
2200 55
2800 91
9200 70
8700 64
8900 7
900 71
7800 11
6900 62
7000 85
6300 39
9700 84
7900 16
3700 56
7800 21
1600 7
1000 73
5000 53
7600 3
8300 57
5300 4
9400 97
2300 56
7000 63
8200 32
3500 24
3900 78
8000 72
8200 46
400 83
7200 94
5700 34
5500 7
1400 36
5300 31
5100 26
4300 71
3000 55
6100 26
1800 93
3200 73
