25000 400
6400 77
400 30
8000 50
8400 54
9600 92
3900 62
2300 59
4700 67
8400 9
6000 75
7400 40
6700 30
8900 27
2500 58
4400 46
7800 84
9200 80
6200 24
4600 69
7400 72
8000 83
6300 74
9200 22
2600 9
2000 23
2200 37
7400 45
1000 87
1700 74
8500 61
7100 27
3700 12
7200 5
6500 23
500 11
3800 59
2700 23
1800 10
3700 56
7800 73
8100 20
9100 90
3000 75
1900 15
8700 82
6500 50
6500 81
3500 16
8100 90
9500 34
3600 21
6600 83
9300 71
8800 73
500 62
7500 44
4100 44
7800 80
3800 81
3900 53
6900 62
4500 6
9100 54
6000 26
1600 54
8300 55
7800 57
5700 85
2300 12
3700 55
8500 23
4200 36
200 31
4700 23
1900 58
4500 1
4800 45
4700 41
6100 47
6400 7
7700 20
5400 6
2400 68
7500 68
4300 29
2400 83
4600 15
4200 48
8300 42
5900 18
8000 28
2800 78
3100 16
9900 53
2400 13
8700 11
300 6
6200 39
4900 91
8300 59
7200 77
5300 91
4100 81
3200 46
2300 66
6300 33
2800 48
6700 51
2300 58
4600 44
4700 67
4300 67
2400 76
3100 68
400 85
5500 23
7100 42
4900 64
3700 46
9000 56
5100 99
7200 66
7500 96
4300 41
7300 6
6600 25
6100 21
6400 70
8700 13
1100 68
7900 64
4400 62
5100 10
7100 58
3400 32
7900 12
3100 92
5500 98
900 17
9400 41
4900 30
2600 13
4500 46
4900 94
4600 74
3000 69
2000 91
7300 94
7600 46
9400 18
8300 62
7700 58
5800 22
5900 46
1200 98
2200 74
7300 38
8400 43
6500 54
5600 1
200 64
8300 95
8600 56
2600 8
8400 59
1200 89
3300 50
1200 77
5800 40
6500 53
900 27
9900 9
1800 81
5400 69
7000 71
9900 98
5000 10
2500 72
3200 96
2700 64
7100 80
900 69
1400 40
6400 91
8600 43
6800 52
8300 96
4700 8
4500 72
1400 5
8700 87
4000 51
2400 88
7400 43
3700 95
8500 80
1700 69
1200 61
8700 78
4900 56
3200 17
6700 13
3300 89
7800 61
9100 95
6200 92
1400 61
7700 74
8500 61
7200 66
800 1
3400 96
7600 61
7000 37
100 17
6500 13
1100 87
3400 3
9900 38
9800 39
5400 3
1700 78
2300 30
2100 91
6000 7
3000 76
8800 92
1900 53
7100 18
4000 99
3200 2
8600 74
1100 73
4900 52
800 23
800 78
9600 14
7000 86
5100 54
8000 54
7700 62
9600 68
3400 59
1100 69
9700 20
3700 19
2300 56
1400 13
6500 89
4800 33
8100 48
9200 88
3200 89
8900 95
3200 23
4100 71
5600 47
5300 99
8100 74
300 99
200 36
300 62
8000 40
500 72
9700 19
6400 8
3700 90
1700 85
1400 77
9100 67
3900 3
7200 38
2700 49
8300 34
7800 81
7500 59
4700 54
5100 58
1100 81
800 95
3700 57
7900 59
6600 48
1100 87
3200 62
900 58
500 70
3600 47
9500 42
2200 20
2500 81
8300 89
1700 6
2200 43
8900 34
100 91
5200 90
5200 37
7300 23
8700 91
1700 47
2700 58
3400 22
2900 21
9600 98
4400 74
9600 66
9700 4
7700 31
1400 73
1500 98
8700 73
300 9
9100 78
1600 62
3100 38
2300 46
6800 16
3600 14
9900 7
1100 7
7600 14
7200 69
4300 37
4100 91
7300 67
100 6
1800 6
9000 66
700 9
7900 6
600 82
4000 99
1800 74
900 77
1800 60
4100 79
6600 13
7800 88
5300 92
7300 21
3800 6
6100 31
9200 17
8700 94
7100 57
1000 79
1700 57
5100 46
8900 31
5600 83
3300 48
5100 37
2600 24
1000 88
5300 50
2400 9
1800 69
7500 82
4600 69
7100 39
400 31
6600 38
1700 73
6800 63
5300 3
1500 71
5100 2
2800 14
9700 37
6500 23
7900 69
8000 68
2200 62
5300 11
4300 55
3500 87
2400 94
3000 71
1300 14
2200 83
8200 63
9000 50
1800 72
2400 29
8200 36
8900 71
9700 69
7600 7
6400 84
1800 34
5300 85
6800 76
6500 37
2900 90
4200 73
3000 30
8800 99
5200 70
5400 41
