5000 400
1100 52
2700 62
7400 31
7600 12
8100 52
8100 97
9400 87
8900 2
3100 20
5600 94
3700 69
600 14
4300 27
1500 15
3900 70
7600 55
7400 19
1000 56
2700 46
1000 44
500 63
500 92
300 18
6500 96
3000 26
200 89
3000 66
1500 8
9600 21
2500 95
600 84
4600 43
1600 81
3000 58
3400 76
1600 11
8200 25
2800 71
3200 28
8200 81
7900 20
7100 81
3500 6
6200 84
6100 23
7900 64
2600 68
5300 37
700 38
3600 93
7400 54
8700 18
4400 8
5500 25
1200 27
600 31
100 36
2500 18
3800 29
100 2
7100 32
4800 43
7000 46
6200 78
3600 47
9600 14
3100 8
2700 29
9800 17
7400 74
6400 41
7000 39
1500 5
3900 67
2500 45
8100 56
1800 4
2400 96
5300 93
6900 9
6200 47
4300 64
3500 92
5900 2
300 63
2800 25
9400 44
7700 33
6600 52
1600 48
1700 19
3700 58
2000 49
6500 66
300 53
3500 71
1500 76
5600 22
7200 72
5100 67
8000 59
2600 86
9200 74
200 73
5900 14
4100 15
5700 52
8100 56
5500 59
7200 36
5800 56
4000 26
9700 38
8300 79
3300 91
9200 24
2000 95
8800 29
7800 92
4700 34
7700 95
3400 30
2000 68
7900 44
3200 19
7600 2
900 32
1500 87
8600 17
1000 70
7500 33
8000 97
7200 45
1700 35
7700 73
4400 96
3900 48
5700 52
8400 88
8000 22
3100 32
3500 74
9300 7
4100 76
8100 43
1500 69
6700 20
2900 14
2600 67
3500 28
9900 50
9100 60
500 85
4900 93
2400 97
5500 29
7900 26
6700 98
2400 56
8600 63
400 58
8200 17
3500 35
3500 42
7000 23
4500 34
200 93
3200 84
500 51
5300 52
9300 24
2100 53
7700 85
9800 64
5200 75
4400 91
1600 65
5500 33
800 18
7100 10
5300 8
8000 66
4700 28
2600 70
2400 40
100 45
5800 52
3900 3
5300 8
2700 33
1800 88
7600 62
1300 73
8000 43
8800 92
6700 23
8000 94
3300 59
3400 39
2600 21
4900 64
3400 56
5200 65
6900 10
4300 45
8800 3
8800 70
700 99
300 3
9500 10
600 95
7900 8
7700 54
3600 20
1300 81
7000 1
6700 72
6900 16
6200 18
5400 75
5000 76
8400 47
9300 67
6900 48
2900 63
4900 5
8800 30
3000 27
1500 60
2900 95
3200 22
9700 67
1500 32
4100 6
2700 62
3400 26
7500 16
1900 75
6800 4
3200 10
4600 26
9900 72
7400 17
9300 39
2700 24
2200 49
2400 56
300 3
6500 6
5000 47
8600 46
2400 97
800 86
7400 13
3700 70
5200 3
1800 35
7900 78
200 45
6500 45
9700 86
900 91
5500 4
3200 47
2600 70
9200 85
5800 17
600 31
5600 34
6200 48
5800 59
3800 98
1900 63
9800 99
5800 60
6900 82
9000 75
8700 81
3400 42
8100 90
2600 95
2900 74
9500 96
2200 83
7300 74
200 16
2100 66
8800 26
600 83
4700 37
9200 83
5700 67
8700 69
5700 79
6700 67
1100 32
8100 83
6400 77
300 5
8300 73
9200 48
500 95
7200 91
8300 80
9200 94
5700 71
7500 14
600 52
200 12
5700 3
5300 14
9900 24
1700 96
2600 57
8800 16
9100 54
5300 4
1500 6
800 28
7400 89
400 48
4900 21
7500 88
300 92
7000 54
5200 95
3000 90
6400 42
300 73
9500 88
800 60
6100 62
8400 97
2400 69
7000 64
7100 85
9000 23
3400 54
1700 51
2600 44
3200 34
1200 15
4400 89
3200 10
1600 67
1900 42
5100 59
2500 9
9000 75
8800 72
3600 92
7600 51
5300 28
5500 72
3400 56
5600 44
1600 98
9000 67
3800 50
4500 72
9300 15
6600 48
700 3
4500 56
2400 99
1900 55
1900 32
5400 13
3700 21
6200 57
4800 75
7400 88
2900 16
6200 9
4000 50
7400 61
2500 66
7000 84
9100 65
2900 39
1200 85
9100 77
1900 4
3100 13
7300 29
4100 57
2900 31
8100 39
1400 60
500 74
800 85
8300 79
5000 5
2900 63
6000 90
8600 88
2000 51
100 45
9000 2
3800 81
