20000 400
1000 10
1300 67
6900 25
2300 10
2400 78
5300 69
6500 12
8600 38
7900 74
5000 58
1600 50
4300 12
5000 90
2600 83
9100 82
5200 41
7900 76
4100 47
6100 17
1500 11
7400 51
4100 60
8600 40
7100 90
7500 29
6900 98
3400 95
800 66
2200 2
4500 23
4400 24
9700 49
8500 64
1200 95
400 27
300 60
4800 20
6700 99
100 14
7600 8
3900 15
6500 96
4400 54
600 67
3300 44
1900 99
1000 69
7500 67
1300 81
6900 38
8800 76
9300 57
4500 49
9200 77
2300 7
3600 35
4100 82
7300 41
3100 29
5000 48
500 70
3300 13
8100 66
6200 95
6000 42
100 88
4800 73
7800 43
1500 53
3600 11
5200 12
6600 59
6900 27
500 42
1700 53
9700 86
9800 77
4000 39
9000 79
600 57
3700 22
6600 24
9200 59
2400 60
6900 1
6200 37
5200 17
2600 41
6300 41
6900 16
8600 66
7500 20
5600 46
4900 67
9400 98
5800 57
6100 89
8300 35
2300 18
6200 33
9600 23
7300 71
9400 98
7700 64
8400 26
4100 46
3800 82
3500 65
4500 5
3400 64
5200 52
7700 63
7000 55
9600 16
7100 62
7700 54
5200 52
8400 64
3900 56
8500 88
7300 75
3900 49
7600 20
1400 46
8400 42
4700 32
3100 99
5500 53
7600 17
6900 5
6500 34
500 55
9700 68
9300 98
6200 56
2000 51
3300 42
6600 48
8000 38
3900 19
8600 73
5200 56
200 89
2900 20
6500 42
8600 32
9300 71
300 12
1900 67
6800 34
2800 72
4900 99
800 9
3800 8
6400 44
1200 36
8100 61
4400 17
2200 4
3600 37
2900 64
2900 85
8200 50
7000 10
4300 7
8500 99
5600 5
800 13
3800 23
3900 22
1700 36
3200 36
9600 30
1600 28
6600 46
5100 23
3700 62
900 71
1600 15
3400 20
7800 72
800 60
6200 97
6100 59
1400 46
2300 92
9500 4
600 96
5200 14
8000 83
2800 31
2100 28
7700 1
3900 39
1100 55
4800 69
4400 82
4400 57
7300 24
2300 44
4100 91
4800 90
1100 43
8700 5
400 25
8300 76
2300 30
9800 88
2100 42
9900 60
2800 73
6400 88
6100 46
600 5
6300 16
5700 73
1100 45
7400 42
5000 37
2400 49
2300 87
700 78
6700 31
6100 36
8600 40
1700 9
1600 4
6100 11
5600 12
2000 76
3600 58
1300 96
4900 21
900 49
3600 98
3400 46
5700 88
3000 54
4400 65
8800 80
2000 98
7500 84
9900 95
7600 20
9400 80
9100 49
2300 57
4900 87
4400 59
5500 90
6500 25
9200 73
7800 50
8400 72
9800 57
6000 15
9700 90
800 79
4700 1
500 42
6700 59
1300 24
300 22
5300 94
4600 45
8700 57
2200 19
7700 15
1600 23
8400 89
3400 32
3200 15
8900 12
800 5
2400 38
4900 97
9200 16
6700 70
7900 66
2000 56
1900 62
4500 36
400 82
4800 74
8500 28
8500 93
3200 60
2300 97
6300 12
6600 76
7000 14
5000 90
9700 93
1900 40
400 77
8800 24
8600 61
6000 11
3900 96
100 38
4600 17
8700 84
8300 47
6100 56
5500 18
9600 6
1800 31
500 76
5300 44
8600 82
8000 56
3800 27
6100 96
900 64
900 39
7200 18
1300 64
6700 54
1700 32
2800 98
2100 81
7100 25
6600 52
5100 13
3700 31
9800 53
4600 17
100 53
3700 58
3800 46
8100 8
3600 3
9500 55
8600 55
3800 94
6200 23
4000 44
7600 91
5300 42
5600 22
8400 22
8000 98
9000 99
5200 81
2200 64
7900 91
1500 53
400 77
3900 33
5600 45
8000 57
7200 27
8500 37
3900 4
8100 24
4200 52
3600 60
7200 61
3600 53
2800 63
3000 8
1200 88
3000 67
7500 50
7100 57
200 50
1900 98
1900 50
5200 56
1200 39
5400 93
6500 58
7600 26
6500 76
5300 64
2300 37
5700 84
9600 14
8800 52
5600 10
9900 24
8300 92
900 72
7300 30
3500 87
2400 39
300 34
7500 38
9300 61
1700 95
1800 69
9700 21
100 41
600 86
4500 36
6200 37
700 55
6500 30
9800 52
5900 83
