15000 450
1500 63
5100 54
6700 61
5800 71
4900 22
9600 88
2100 85
5100 56
9800 38
7600 20
3600 82
1800 55
1000 30
900 23
700 73
8800 13
400 6
6500 28
700 8
1100 84
9100 13
4900 69
5000 75
300 96
1600 90
5300 28
1000 58
9400 47
1700 20
9100 97
3500 49
9000 72
1600 37
3800 75
8600 71
2900 43
1500 59
8200 85
3200 39
600 34
5700 45
400 87
4900 93
3600 78
7900 94
4000 10
3500 53
3900 85
9900 72
1900 40
1300 83
9300 19
2300 53
2900 66
8100 8
5400 55
4400 49
1500 82
3900 3
5100 68
8000 42
5300 3
2900 95
2500 3
1400 42
8100 43
8300 3
900 3
3600 98
1500 84
6600 65
2900 61
5400 38
5700 70
5400 89
3300 2
6800 52
1800 56
2600 46
8800 76
9000 29
6500 3
7900 88
1800 39
600 51
100 60
200 47
6500 38
3800 90
7400 39
6400 98
8700 87
7200 72
400 59
9600 34
600 42
2100 33
7400 24
7500 17
200 83
9400 89
6100 95
4100 9
1000 35
3700 13
2000 37
9400 63
800 39
3200 80
8800 51
600 20
2500 28
3700 9
3900 90
2500 58
6400 52
6500 50
1800 68
5000 31
1600 1
8800 79
4700 78
5200 40
8800 68
8200 44
2100 89
7600 93
6000 86
4300 61
2100 47
500 63
6200 71
2900 70
2200 53
4200 40
4000 36
9500 47
8400 37
7400 61
6000 28
6500 81
7800 40
400 50
8700 72
7600 9
3600 11
1100 74
2400 1
2300 87
1300 76
500 83
3300 41
9900 46
3900 15
2300 86
6100 86
8600 49
5800 29
1200 9
8400 61
6000 58
4700 21
5200 48
1400 56
9100 37
7500 58
9700 61
1800 56
300 21
7900 79
3900 90
7200 57
2900 25
7300 87
5300 5
4500 97
9900 49
5700 74
8200 43
6300 9
6600 42
3800 15
6500 45
2800 74
3600 29
1800 74
1600 12
2900 52
7200 80
500 67
9300 91
4000 9
2100 3
7500 24
7800 6
3900 28
8000 73
8500 15
9600 71
3500 39
3700 14
5200 30
5200 75
2800 61
7600 5
3900 82
8500 51
8000 41
7500 50
1500 24
7100 71
4300 61
9000 16
3100 67
9600 2
9200 72
8600 18
7700 10
6900 53
8400 19
7200 82
3000 92
7100 18
200 58
7700 48
7600 96
1700 90
5800 74
6600 66
8900 60
2200 49
7300 77
3700 24
200 86
1200 85
2900 58
7700 82
2200 82
4400 94
5900 85
600 29
3700 7
8200 60
9700 7
1400 67
6300 15
8900 14
3600 10
3500 68
1300 21
3200 41
6100 7
5300 84
9600 89
2400 66
2300 7
6200 34
5200 56
9700 80
5600 53
4200 48
900 33
6600 53
7100 94
1600 79
6500 74
2700 37
9600 23
4600 42
2300 3
900 32
200 11
6400 13
5200 9
9900 99
2500 14
6000 36
7600 62
7600 74
6900 50
4800 95
7300 40
5800 50
5500 8
3000 1
9200 29
7800 58
4600 92
6800 30
3100 65
1500 37
7700 4
6600 85
9400 78
9500 49
2600 38
9100 68
5500 16
3900 25
1900 23
2700 20
3900 66
400 22
8800 81
5000 42
6000 36
300 95
9400 93
7400 71
3100 95
1000 44
9200 19
2800 44
3800 63
700 89
3900 38
5500 49
9300 37
800 60
5800 52
3100 41
1100 11
2600 12
7300 94
9400 29
3200 98
4300 71
4000 53
900 48
5000 5
3900 69
5300 12
400 18
9500 55
1200 16
2200 22
3800 86
7000 9
8900 36
4400 80
5600 69
9000 42
5000 99
3100 95
3400 11
3000 98
7700 87
3900 58
1200 91
5100 46
7400 60
2300 71
9700 82
1400 7
4000 61
5800 16
5200 55
4200 23
9900 48
3900 75
7300 18
6800 74
6400 91
500 14
600 67
6800 34
2200 82
5400 78
5800 23
5200 8
2500 47
700 29
2900 96
700 82
3200 48
8900 35
4600 17
9200 40
9300 69
3000 10
8700 64
6100 23
1100 36
1300 71
3400 80
3300 18
1700 19
4500 92
100 47
2700 65
9700 14
7700 5
4600 96
8700 36
2100 98
8800 89
4500 39
9400 71
5800 14
500 64
4200 63
9900 56
200 15
4000 20
8000 75
5000 99
4900 5
9500 32
7300 99
9100 11
9300 47
200 48
8100 25
5000 57
7800 40
9600 98
5100 97
9900 52
8500 82
3500 68
9000 8
9200 7
4500 81
200 74
8700 72
2500 50
3500 96
9900 5
5900 73
8500 90
6100 80
9500 74
8700 61
3100 51
5000 32
3000 99
6600 46
6800 42
6300 83
3400 13
6300 11
5700 89
9200 38
6800 83
4500 83
3400 19
9200 87
5100 66
4700 48
4300 80
