30000 450
8100 57
300 38
9000 10
200 99
8800 91
5000 44
5500 88
700 16
4000 37
6000 34
2800 51
1500 94
6200 14
5700 76
6200 68
3900 22
9900 88
3700 4
7400 63
900 91
2700 11
1800 3
100 69
700 35
3200 36
100 4
2000 96
200 67
8800 10
6500 22
5900 22
2800 69
500 53
5900 5
6800 46
8500 37
1700 89
8300 70
2900 17
1800 90
100 17
8300 22
8000 80
9200 64
7100 16
1100 38
7900 65
1400 80
300 83
2400 95
7800 12
1300 79
3100 38
7200 81
5000 63
1000 93
8000 51
4800 41
2100 72
2300 77
7200 15
5100 23
6900 34
6000 87
9800 26
1100 6
8600 80
9300 1
6300 24
8500 23
600 41
9400 20
3200 8
1500 12
5200 81
1900 50
400 46
1500 60
1300 70
6300 3
5100 7
4000 23
3400 53
8000 46
9100 89
7400 78
8100 68
1500 19
300 52
9400 46
4500 73
200 49
7300 94
9200 84
1100 4
600 9
900 88
8100 93
3000 62
6600 73
5000 20
5500 95
2500 61
2100 42
9000 88
2700 70
1500 90
8300 51
8200 10
3200 35
5000 78
2400 67
1600 82
5100 70
2900 4
7800 55
6100 28
4900 59
600 87
3000 74
3300 85
5000 48
2400 17
6300 21
2200 47
4300 1
4700 12
8100 53
5600 30
9700 64
8600 51
6000 43
2200 39
6600 56
2700 74
9300 91
7000 1
2400 64
5000 65
4000 67
3600 87
800 59
8600 81
8000 43
6200 64
9600 89
8800 41
5800 21
1300 39
4600 24
700 28
4600 91
9700 84
6300 20
8400 11
5700 76
6600 58
1000 97
2100 71
7100 21
200 95
7600 35
7800 54
1300 96
200 37
300 20
2200 29
7400 93
7500 42
4800 89
6500 74
6700 6
7700 36
7600 87
2300 14
1800 78
4800 24
8500 94
600 48
7000 85
5000 70
1700 44
3600 25
3300 63
4900 88
5300 93
3100 57
6300 26
5900 85
9400 76
6000 90
9800 79
6200 26
700 5
6100 32
7000 26
500 90
3900 37
100 86
1500 9
9300 51
5200 57
6300 20
3400 74
4100 73
8000 92
800 76
1300 84
1800 67
2700 61
9100 33
8300 46
4500 76
7300 34
1700 61
2800 58
6100 46
7900 82
3700 77
6000 18
9800 23
5800 93
3000 37
5900 52
8500 4
2500 4
4000 97
2400 39
7800 23
4600 7
5500 67
3100 30
8600 45
1600 72
2000 49
8800 43
2500 84
3900 65
7000 50
4800 56
9100 39
3800 64
3500 26
4000 27
600 81
2800 39
5800 70
6700 55
1000 96
700 32
100 35
9000 80
5300 99
3900 83
6700 12
3300 54
2500 66
4500 9
7300 32
8800 60
6500 5
6600 64
4700 49
4200 19
400 15
8200 94
4200 70
8800 90
5700 3
1600 46
9600 42
7000 94
8000 11
9800 79
9500 66
9200 51
700 5
7000 65
8400 13
7600 21
6100 93
4400 91
5500 83
4000 76
4400 32
2100 71
7200 67
7000 9
3900 51
8300 48
3700 65
5300 23
7200 67
6200 60
9000 92
2100 56
100 68
5400 62
6800 16
9200 13
5200 55
2200 3
8300 45
1700 96
9100 52
3600 34
6400 35
7200 65
8400 18
4300 62
2100 98
2900 98
1900 85
1800 23
2300 49
7000 85
5000 14
4800 10
2900 94
2500 43
5100 44
6900 19
100 59
9700 3
7000 15
6900 49
9400 51
7000 69
4700 30
1800 13
9500 93
9800 76
600 90
3700 38
4600 49
5800 46
4800 51
6200 44
5000 48
7400 61
5900 18
1800 11
6300 11
9500 52
2200 46
8300 26
4300 39
5400 55
4500 14
3400 9
7200 41
9500 67
5600 8
900 77
7100 33
3700 82
6800 5
900 99
8900 77
1600 62
6300 86
9800 91
1900 58
1100 51
8700 15
1600 5
3200 36
2400 32
3800 92
9200 76
1500 78
5900 6
8800 29
6700 49
5800 28
600 54
1000 21
7300 3
3100 95
7400 95
2400 43
5400 5
9400 39
3000 43
4700 49
9100 18
9600 7
8000 44
7000 7
5900 65
5400 21
4400 58
5800 12
6500 58
6100 10
2500 4
3300 74
5200 61
200 23
2900 35
9800 14
8900 71
9900 1
1200 17
9400 11
3100 36
2500 91
3200 25
2800 6
8500 78
5500 92
1000 62
1900 21
1800 9
1300 25
2600 58
7200 16
2400 72
600 60
7100 83
1700 70
9100 85
9600 79
5800 67
300 9
8400 32
2500 86
3400 69
4000 69
6700 86
9200 57
4000 77
300 65
7100 50
4400 2
6900 86
1900 12
2200 19
7500 50
1000 64
3600 12
4400 81
1700 31
1300 30
4700 74
8100 31
6800 55
4800 55
5100 95
2100 27
