20000 450
8400 4
1600 39
5700 59
5800 96
3600 80
300 53
6200 80
8400 57
2000 15
2300 97
300 13
7900 44
4100 51
3700 79
3300 23
8600 65
4200 97
3100 81
7600 72
2300 39
300 16
5300 66
5100 50
6500 47
9700 95
2700 60
9800 98
5400 28
1200 85
5600 53
3100 19
2400 25
3100 55
2900 87
5400 66
400 90
6900 27
2200 28
4300 93
2200 89
5000 84
5300 35
7700 11
1900 62
6500 11
5900 52
8900 84
4500 92
8400 70
8100 14
4300 52
9400 6
2300 30
3400 50
3000 47
8600 22
900 53
1300 63
2800 50
5100 71
800 79
9400 31
5600 30
5700 93
6000 13
8400 42
4000 80
8900 25
8500 3
7100 43
7500 7
9800 87
3700 47
5900 64
6200 49
3500 70
6400 86
3000 13
7100 16
3800 40
9400 13
100 99
5900 59
3800 29
7200 14
1500 93
7400 81
1000 59
400 64
6100 30
2800 82
1700 69
8200 42
8900 72
4100 22
5100 59
8400 94
2900 63
3100 7
700 48
7500 35
9000 58
5500 33
7600 78
7700 98
6700 4
7100 29
3200 30
4600 50
9400 34
4800 89
6700 14
5300 20
5800 43
6100 89
800 86
5800 91
3800 95
6500 76
3100 21
3600 12
5200 68
1500 9
2400 48
1000 68
4600 48
7000 81
4700 44
6200 87
3900 94
6300 82
2700 85
3700 51
3200 64
3500 18
5200 69
9500 84
9000 61
1700 15
800 25
4500 64
2900 62
2400 50
2700 69
8100 50
1600 7
5300 91
8500 70
1700 20
3300 44
8200 36
4000 92
1200 91
2400 69
3600 30
8900 53
4500 18
5900 27
9600 33
1400 95
2600 37
4100 71
900 79
3900 55
9400 57
7200 55
1000 41
1500 52
3200 5
8000 81
5300 86
6500 30
7100 68
4800 28
700 49
3700 2
900 89
5900 10
9000 78
3600 80
4700 74
1800 94
4300 51
900 2
8100 62
8400 83
3100 24
1700 3
6600 29
7500 37
4900 93
5200 21
3500 7
8400 3
7300 78
6300 23
3100 88
8000 50
1900 15
1300 79
7300 30
1900 24
4300 58
3000 96
6800 12
5200 88
9700 82
9000 25
8800 15
100 91
8600 82
300 57
300 26
6100 59
2700 73
1200 81
1100 90
6800 46
6200 34
5300 40
8600 61
200 82
5400 49
3600 52
2200 68
5200 88
6900 80
900 78
6200 42
8900 94
9800 29
3600 12
6200 94
100 51
1000 84
1300 82
7900 79
4400 61
100 15
6600 81
8600 22
800 64
4700 38
5600 32
5400 94
7200 84
8700 57
6100 61
9000 31
2400 28
2900 24
9300 2
2900 30
6200 54
9600 56
600 86
2300 95
9400 89
4200 51
900 47
3500 21
8600 95
1900 97
8300 20
1900 54
7900 12
7500 53
8800 85
2500 83
1800 39
1200 20
7500 12
1100 72
6600 10
300 40
4400 63
1900 56
7900 18
6500 88
500 91
9400 4
4600 83
900 1
8000 81
5300 89
8400 75
3400 99
7200 52
600 83
500 46
4300 1
400 44
5700 26
9500 79
9400 10
7900 63
7000 50
1100 79
600 45
5200 36
5500 35
1400 43
1300 77
1300 12
4500 68
600 9
9800 18
1400 99
3200 47
3300 4
5600 78
3200 10
6600 38
7000 26
1400 75
3800 90
9500 97
7700 54
6900 2
2600 18
800 37
7000 47
4800 55
7300 75
9000 89
4800 28
4400 34
9600 95
8400 47
2400 99
3900 99
9000 54
500 90
8100 96
6300 53
8500 28
4800 31
8300 41
3600 16
700 64
300 14
7100 89
2500 92
7300 12
9400 30
600 82
2600 76
2600 81
6900 68
8400 3
3300 95
8400 46
2300 1
9600 65
7300 9
4000 36
6400 20
3200 32
4800 61
3000 21
100 9
5000 87
7900 2
9600 83
7900 89
7600 57
6500 61
1400 2
3100 6
8900 29
2400 17
9500 67
7900 92
4200 41
8200 17
3200 60
2900 43
6100 83
5800 60
9800 87
5000 87
5600 19
2900 4
8900 15
4300 42
5200 99
5400 56
2400 95
8200 53
100 12
2400 10
900 70
5600 97
4000 35
1000 61
1200 92
4200 77
6500 20
2600 59
7600 39
9200 1
4900 78
5400 96
5600 16
2900 77
9700 96
9300 89
6100 92
9300 79
4800 11
600 39
200 34
3400 91
5900 90
700 5
3700 82
9100 20
8300 54
9400 24
7500 94
2500 2
2000 73
7000 20
400 41
5000 44
4200 22
5100 17
2500 8
3900 17
4900 80
3200 35
400 29
6800 63
9800 32
3400 14
1300 92
6900 76
6000 47
1000 67
9800 71
7800 94
6100 87
500 75
9100 77
7300 59
6900 13
2200 86
7500 79
4300 73
8800 32
