10000 450
9100 79
4600 82
4300 23
9700 74
7600 57
5400 5
9100 54
5300 96
6400 39
9500 66
9800 55
7700 29
8500 7
7700 72
3500 20
9000 1
2200 88
8900 66
6900 21
4000 22
6600 16
6100 50
8700 93
9800 50
7500 95
4500 92
9200 16
6400 31
2300 63
5000 61
6700 70
200 14
1800 91
500 50
8400 9
3900 17
7600 94
6600 81
6000 33
200 25
8900 75
8600 45
2500 94
6100 27
9900 30
5600 48
8400 54
2900 19
500 96
600 82
3700 4
5300 20
3200 31
7900 47
2000 32
300 40
700 86
700 8
2200 12
7900 16
5500 34
3100 96
7400 23
6400 90
7400 36
3500 40
6100 3
4500 91
6900 57
5400 42
8400 96
9200 22
3300 77
6900 5
7000 9
6400 46
1900 3
9300 22
2000 39
5600 82
4500 6
7900 70
1600 47
700 76
8700 97
2300 14
5300 92
4000 80
9300 82
7400 77
1500 24
7700 6
2500 4
4100 84
9700 50
6200 8
8800 24
5700 3
9100 7
2300 53
8500 68
6500 38
5900 52
9500 38
9400 1
8000 24
1700 25
6500 89
1100 94
6900 59
6000 28
4400 19
9600 10
5600 40
8300 88
9900 1
7800 85
3200 19
5500 39
600 72
5700 84
4000 56
3100 39
3500 85
7000 72
7900 23
8300 82
2200 26
2600 27
4600 4
2600 34
2300 73
5400 38
3200 37
7900 39
6000 74
3600 28
3400 72
9900 19
100 8
4100 89
6400 64
7600 62
5900 6
1400 67
2900 46
8100 79
8800 88
6600 97
3200 87
4100 53
7700 41
8000 94
2600 80
8600 58
9900 36
4900 4
6800 73
7200 56
3800 12
4200 68
6800 99
1900 50
100 49
6700 71
8300 94
900 70
4900 63
1800 72
1500 55
300 20
7500 45
9700 66
800 45
8700 97
9300 20
2300 27
5100 56
4700 33
1400 43
4900 28
5400 34
3100 82
500 77
4800 5
6800 90
7800 20
300 59
5600 5
2200 43
2500 14
3700 95
2900 74
4300 24
7800 38
4600 8
7800 16
200 83
200 56
4600 20
800 41
8700 67
6900 15
8500 74
6100 3
2300 16
3600 67
2900 70
500 41
8700 39
6100 96
8700 57
5500 18
700 98
6500 23
1300 41
9300 60
3200 74
9100 67
9700 31
2700 86
500 81
9100 49
6200 36
500 61
8200 44
1300 47
1900 18
4000 71
8400 33
2700 71
9400 35
4700 55
8300 66
1000 99
2000 89
5800 4
300 11
1100 19
700 54
7400 36
700 87
1700 90
8800 56
6900 58
8500 43
5400 59
8300 10
6400 67
1000 61
3200 56
1700 49
6000 4
2300 39
2000 52
4700 3
3100 51
4900 66
7100 47
4900 42
3400 99
8400 84
2100 27
2200 86
6800 9
6800 53
6500 22
1800 50
9500 44
2100 52
2600 19
9300 72
6800 70
4900 72
5700 58
1900 23
3300 29
5400 56
5800 69
2800 69
2600 90
2700 70
3100 77
1400 48
4800 98
9500 11
1200 22
5900 93
8500 72
700 87
4600 23
3300 22
5800 87
5800 74
1100 49
1200 96
500 74
9300 59
1300 22
4100 84
2700 14
4400 78
9000 91
7200 89
3800 12
2000 58
2700 71
4800 2
4100 65
1600 87
5000 9
8600 77
1800 83
2500 59
3500 49
2700 81
6900 14
5800 81
2500 85
8300 36
700 76
9500 41
2900 70
100 38
8900 86
3900 38
9800 68
5600 9
4900 82
3400 84
1400 97
4300 23
6600 87
3700 26
7100 89
1400 98
7400 93
6700 45
6300 11
7600 19
2700 30
7100 10
7200 90
7500 34
7900 25
4600 34
500 73
200 95
6600 81
1400 22
4500 26
700 19
5500 30
3200 43
4900 19
8900 44
6300 31
7100 97
1500 18
1200 95
9200 39
2900 99
2800 90
9800 62
9200 57
100 54
6900 57
1300 69
6500 70
3900 60
100 51
6200 50
7100 60
8300 96
7300 12
2800 6
8200 39
7700 78
6700 23
2900 29
7300 25
6700 82
8500 19
1700 89
8400 82
2200 27
9800 96
9700 73
7300 70
1600 37
7500 41
6100 33
1400 80
7900 23
5600 76
1500 3
1700 97
700 82
9800 9
5900 72
1000 82
6400 35
3300 9
3500 67
5700 79
5500 49
6600 26
7300 75
5600 96
8800 31
4200 48
4400 47
5800 81
5600 93
5500 46
6900 17
9400 35
9700 63
4700 87
6000 94
6000 53
1300 79
3200 64
5100 90
8500 20
800 32
8500 37
1600 15
6500 6
7300 27
8900 93
5700 28
8300 28
2500 89
7500 35
6800 1
5100 70
4700 70
8100 22
2700 95
4200 91
4400 37
3300 77
100 87
1300 56
7300 71
9900 42
6800 12
9400 19
8700 90
