50000 450
2600 52
8200 88
1500 33
9500 50
3400 66
3600 43
4100 82
2100 49
4100 80
2400 99
4700 24
2600 31
4800 79
7500 17
8700 92
3300 73
2300 16
4900 18
9600 30
6800 68
2500 22
4700 32
2700 6
4000 69
300 85
5400 86
1700 58
2200 14
4700 27
1500 86
2000 58
4400 68
4800 43
6400 51
6100 92
3500 2
3700 60
2300 62
1800 54
1300 18
4700 57
4700 92
5600 75
4400 37
2100 66
9900 59
7200 5
1500 48
5100 11
2300 61
8100 57
8600 16
9100 64
5200 58
9800 95
6900 56
200 20
8500 38
5800 40
1900 23
1100 85
5100 49
6800 48
1200 9
4300 90
8700 99
2600 59
7400 5
6300 54
6300 3
2200 70
6100 45
8300 71
4900 63
500 20
3500 31
6700 69
2900 40
6800 25
4000 52
4400 37
2100 59
3400 29
4900 9
9400 96
1000 46
6700 2
4600 26
3500 56
1600 73
2400 78
1300 65
200 16
3100 34
1600 90
8700 51
4600 61
4700 3
6900 33
5700 23
8500 64
8600 40
7600 39
9700 56
5400 41
8800 48
600 99
9300 13
1500 69
2500 77
8400 65
6800 32
9200 94
700 84
5500 69
9900 49
7600 10
6300 82
6300 83
600 70
6300 23
7500 94
6900 86
7000 90
3000 15
1500 85
2300 43
7000 81
9800 64
8300 44
9100 26
3800 89
5900 98
6400 47
7200 91
9100 93
6400 34
6500 34
9200 57
2200 5
9900 50
8500 43
4000 33
4300 70
5000 72
4700 25
8000 6
4000 30
2600 37
6300 47
700 20
4400 6
6800 75
6700 25
3600 35
7900 83
2600 34
8400 61
8700 77
4600 4
5300 60
7100 28
8300 36
4300 78
2000 4
7600 7
4700 84
3500 6
3100 58
6800 73
7100 41
5800 12
7000 35
1200 77
6000 37
2500 54
1800 1
9000 86
5500 40
7200 59
4700 95
7400 8
6300 74
3900 9
7300 73
5200 85
9500 68
8000 10
6000 85
7100 96
4500 73
7500 43
5400 70
8600 37
400 84
8800 44
2900 11
400 98
1400 40
5100 83
1600 22
7000 91
6000 25
3500 19
9100 91
3800 37
7200 85
7900 36
3200 90
5300 70
400 46
400 5
2400 79
7900 79
6300 58
7900 97
2800 8
1100 45
2000 59
2400 32
8300 41
3500 41
3600 85
100 16
8200 54
9600 14
4500 28
200 36
5000 74
1200 16
4300 48
9500 78
8100 50
8800 76
3600 93
9900 53
7500 96
2600 92
4400 81
4000 63
1100 17
8200 43
1800 80
4400 40
8900 97
5100 1
4900 39
1900 45
8300 39
6200 66
8500 75
1400 7
6500 80
1100 54
1200 62
1900 27
7100 67
8000 16
300 9
8300 84
8300 60
5900 16
1800 91
5000 92
7700 78
3400 61
7100 99
5100 86
8900 79
4100 6
6800 16
6300 80
1500 86
4300 66
1500 96
2300 48
1100 81
200 44
8100 20
9600 9
9500 50
9600 82
9700 38
100 62
2800 91
5400 15
4300 21
2300 35
3900 48
1800 39
2900 96
2200 15
6700 62
7200 45
3200 73
3500 98
3900 81
8500 22
9600 26
4100 17
7000 37
1800 2
9700 63
3500 78
2600 28
5500 23
6300 81
9700 65
4600 10
400 77
5800 84
8800 92
2400 30
1900 56
2400 93
4400 48
5400 61
800 54
6100 65
8800 2
4300 56
9400 52
7700 44
2200 43
8400 66
3800 91
1900 54
7100 32
600 24
1100 65
900 47
5200 12
9200 24
7100 40
9600 34
100 40
2700 91
3500 46
9800 53
6000 9
4400 53
9200 94
5400 56
3400 30
3900 90
5400 99
6500 28
4000 92
7800 11
6300 38
100 87
300 18
5200 51
7500 63
1800 34
7000 30
9100 55
4900 70
1900 96
200 9
4900 99
3100 62
3900 74
2000 6
1600 67
3500 89
6400 66
3700 76
6000 98
5500 12
2500 9
6200 75
5900 34
4300 41
6500 67
9100 18
1800 2
1400 78
7800 30
2700 82
3000 92
1900 92
3200 12
7700 40
5700 7
7000 7
4400 7
7500 38
5900 45
4800 11
5900 27
7800 36
2500 83
1400 55
6500 91
3300 54
5800 94
4900 5
5200 16
4700 53
8000 82
9900 32
7900 6
9300 11
1100 18
1700 36
8100 13
3700 65
7300 12
1300 28
7600 49
4500 81
4800 75
5100 2
3100 48
3900 13
6000 86
3600 59
2300 75
7300 38
7900 3
1700 24
4000 37
3700 63
600 38
1300 3
6700 73
5800 75
2700 2
8200 51
5900 73
7100 83
6400 46
200 95
4500 87
600 61
8900 70
7700 47
3900 3
3500 37
1600 82
4300 13
7500 42
1700 78
1400 74
6600 71
2500 21
5600 52
9700 45
3800 7
