45000 450
400 54
8600 79
3600 31
5700 66
2800 88
6800 9
3000 18
7700 25
4500 73
8900 26
6600 13
6300 44
4500 36
7800 33
9200 41
8900 42
900 26
1800 19
6200 48
800 45
7000 3
9000 78
8800 47
1400 92
6200 23
7500 50
200 24
4000 75
8000 51
3500 16
500 90
5800 73
6200 95
6200 56
400 52
4500 50
4700 85
7800 47
8200 7
5000 80
7400 49
4100 50
5300 30
6600 89
6500 6
7300 66
3600 82
8700 14
8600 27
8800 45
900 72
9400 9
5400 26
2100 32
500 27
300 37
600 26
6000 45
8000 60
2900 41
2700 9
2900 46
9200 38
4300 10
2800 39
9500 28
2900 58
6800 72
7800 94
2900 49
9200 24
9500 54
400 56
500 45
8000 21
3700 7
9800 40
8400 95
8000 3
2800 52
1300 7
8800 13
2300 75
6500 40
2600 49
7800 15
6800 63
100 80
1400 5
4800 80
3400 58
100 89
8600 15
3700 32
5600 81
2500 44
1100 81
2900 29
3400 26
3000 75
8400 20
7200 19
8800 41
6500 84
800 15
8400 63
1500 64
6700 17
5800 36
8700 14
4500 62
3200 75
3500 61
3300 90
8800 94
7400 35
1500 63
5600 53
6800 86
1400 39
5500 17
1400 67
3600 60
9800 49
1000 37
3600 99
8300 92
7400 54
3400 11
7200 25
6400 55
700 9
7400 1
3900 81
3100 10
5500 95
1100 37
6800 70
1700 22
5800 81
6100 60
1200 82
8200 71
3800 94
7400 16
1900 37
4300 86
6000 86
100 6
2500 3
4900 6
8900 78
9900 37
4300 22
2200 87
2200 79
2100 41
9100 66
3800 23
3200 79
1100 48
4200 12
3900 21
9400 39
5400 60
2200 93
6600 67
6900 17
1100 61
3100 26
6300 30
9300 92
7300 63
2800 54
7100 7
4200 2
2900 30
6000 91
6300 57
9300 14
1400 57
4300 85
5200 11
1000 55
6000 50
5500 15
4600 62
4000 66
800 38
6400 29
900 51
3100 24
3800 54
2500 85
5800 55
6900 38
9200 30
6200 22
4800 6
9000 80
8300 5
300 79
1600 37
6500 65
900 83
9100 30
2400 30
4800 83
3800 27
3400 65
1200 83
500 37
5000 13
2900 26
2300 50
9200 8
9400 91
7700 78
300 5
9900 78
3000 89
6200 52
6800 47
6800 25
8500 25
9100 94
6100 1
400 78
1600 35
5100 26
6500 5
4900 94
9200 50
9300 99
8300 18
8200 40
5000 93
5600 32
700 86
6200 30
600 9
7300 75
3700 99
3700 35
900 91
9400 57
2700 28
8700 76
9300 74
2100 61
6200 61
7000 94
9500 52
3200 94
9100 82
1400 57
2300 44
1300 83
2600 96
2900 44
9600 87
6600 59
6200 67
7700 25
5400 57
7900 94
6900 35
2900 59
300 94
1500 62
8500 67
7900 59
6200 14
3100 42
1700 72
8400 68
1900 82
4400 41
1500 51
100 44
1100 62
7100 82
8100 30
7200 31
2400 90
1300 70
2100 17
5900 90
9200 62
500 85
5300 60
8500 45
1400 33
9900 48
1000 52
600 33
3300 47
300 36
6300 62
8400 44
4800 96
200 14
2800 70
3500 93
5900 39
2900 74
5000 60
9500 76
5900 57
3600 3
3500 72
2900 9
2800 76
8300 32
5400 35
6500 7
1700 4
8700 56
3100 64
6600 30
200 30
8900 42
5000 37
600 63
6600 96
100 34
5400 4
7100 19
4900 84
4900 54
9900 70
1100 34
8700 65
6400 43
8900 14
300 65
6000 12
2300 32
5500 51
5600 72
8600 49
4300 92
8700 57
5200 41
4200 84
9600 73
5800 61
4100 32
6700 94
7100 11
2500 75
2400 71
300 42
1200 22
2400 79
9200 66
5100 43
7800 25
8000 35
9100 36
500 21
600 78
7900 35
800 8
6400 57
6800 90
3400 5
7400 23
5900 38
7600 90
2600 63
800 49
3200 50
3000 69
6900 23
4600 26
8000 78
700 68
3600 61
7800 14
9000 19
3700 43
9300 99
6400 40
6900 9
3900 81
4900 45
5500 17
9500 82
2500 93
3900 54
4500 99
6700 60
3800 90
400 49
8100 3
9000 11
8000 38
7700 6
3700 61
5800 43
7200 51
800 37
200 41
100 35
1200 31
4800 6
8400 70
1100 32
2800 54
4200 21
900 75
1600 71
5900 44
5500 12
3000 75
3000 50
6400 56
4700 95
6000 9
100 29
3900 17
6700 38
2800 91
3800 17
6500 4
2800 59
3100 21
5100 92
9700 27
5800 41
3600 11
6200 77
7400 50
4500 73
2000 50
2800 89
2100 46
8100 46
6800 72
2300 51
9900 29
700 11
8600 82
4700 69
2600 53
4000 22
700 21
9600 27
7900 28
