40000 450
3200 79
7600 65
6900 69
8900 13
3100 41
7100 81
2900 82
5600 40
9300 8
7100 27
2900 72
800 96
4900 64
8100 21
9200 31
9900 86
1600 45
9500 84
3100 38
7600 53
4400 45
5400 66
1400 27
7800 26
1100 16
1400 15
2300 30
2100 85
3300 42
8000 47
8700 3
6900 72
2300 3
2400 53
7600 96
7100 62
2000 42
8000 37
7100 54
4300 5
7400 6
8700 56
9400 34
1100 40
700 96
1300 35
5600 60
7400 83
5400 35
5100 86
9100 47
1400 51
8700 42
7600 57
6200 28
2800 33
6000 40
8100 34
9500 69
1400 5
2100 46
1300 93
6800 8
8600 65
1400 70
3800 13
9400 74
700 60
2000 43
3000 1
6400 22
400 61
5700 52
4700 91
3500 38
9300 62
9700 33
2300 74
8900 57
2000 82
6100 80
800 8
8200 8
100 41
2600 51
7700 1
3600 34
3300 73
1600 33
3900 54
9000 47
8900 40
5400 36
4700 93
100 27
9600 28
7000 12
2600 87
8500 18
3300 89
300 5
2100 48
3700 93
8300 9
2800 92
1200 74
2700 5
8100 62
2500 61
1000 4
7100 10
1900 95
3300 18
7800 7
3300 50
5700 52
6500 82
2700 52
1300 25
5400 93
2400 6
1500 72
600 45
7700 58
3000 37
1500 31
4800 23
1300 23
2400 48
5500 31
9100 70
6300 55
6800 3
9200 64
5900 19
7700 62
2400 23
4300 67
4200 54
7600 90
2800 56
300 81
8400 44
9100 34
1200 70
2900 35
3900 6
2000 12
6000 76
5200 36
8000 37
6900 67
4100 98
6900 79
6300 16
100 23
2000 26
6700 12
6000 36
4800 27
2600 9
9200 47
4500 97
2000 57
6200 64
9700 35
7400 57
4200 84
9100 20
9900 7
3000 34
3200 75
5000 55
2400 27
6800 12
1300 97
200 20
9400 12
8900 9
2700 88
7300 96
9600 7
2300 70
5400 95
4700 14
2100 86
7000 35
4900 17
300 44
4500 76
8300 8
8700 20
1800 19
2100 52
6300 83
8700 35
6900 94
600 53
9500 1
9600 58
5100 13
6800 11
1900 5
9600 57
9200 13
7900 84
2200 98
3700 66
1300 77
3800 50
8300 74
6100 88
1100 8
4200 26
6400 43
4200 45
3900 11
200 62
4800 34
7500 43
6600 91
2600 30
200 93
900 13
1400 44
8800 51
9900 11
1800 17
4500 2
500 46
4100 39
1500 79
5500 83
3200 23
2900 54
9200 81
6000 56
9300 88
8000 65
2800 75
1200 5
4300 91
5100 81
1400 33
2100 11
3800 95
5700 53
2400 60
7600 97
4000 39
1200 6
7600 23
1900 9
200 50
8800 87
400 92
2300 36
6300 61
7000 46
4800 60
6800 39
7300 5
500 65
8100 19
400 11
6100 33
9900 28
4900 15
4700 63
9700 37
3400 19
6600 3
5000 50
7400 43
8100 62
5500 78
5900 47
6400 37
3300 79
2700 38
3000 85
2700 16
9100 30
5400 46
8900 62
5400 32
9500 72
2200 16
7800 92
7100 6
100 33
3100 41
8700 44
7900 39
7200 10
7300 37
9700 63
9700 35
7300 93
600 85
9500 71
5800 96
900 60
2700 93
6200 70
7500 73
1300 97
2800 70
800 85
800 46
6300 74
7800 12
3200 94
6800 92
9100 15
8500 67
9300 99
5900 66
6000 32
4200 27
1600 24
7200 40
2300 70
3500 42
8600 40
9600 11
4200 95
5300 4
5800 17
9700 40
9000 15
8500 17
6900 39
8000 62
8600 92
600 38
4200 36
1000 94
6600 6
5600 98
2800 87
6700 48
3200 43
100 48
9600 46
7400 29
7800 81
1700 13
8200 31
5900 28
1900 79
2100 2
8400 15
8700 33
4700 43
5200 14
8000 9
3200 72
8000 6
4500 23
6700 80
1600 8
3500 25
6800 60
400 79
6200 14
3100 86
8400 34
1200 34
7000 53
3400 41
900 13
2900 34
4400 40
2300 23
8800 4
1000 48
3200 59
9000 13
1000 20
3000 15
7900 83
4200 18
900 38
6100 31
8800 65
7200 84
9300 4
8400 99
5300 53
8300 4
6400 45
7900 90
1700 99
7200 69
9300 84
5000 59
4200 15
4000 95
200 12
6400 80
7500 63
9500 43
400 9
1300 93
1000 87
4000 71
8700 65
7700 97
7000 44
2500 22
800 78
2000 55
2600 67
600 89
3400 12
9800 64
2600 87
9900 53
2900 70
600 63
5300 53
4400 38
9200 25
1200 27
1100 11
5700 15
9100 65
6300 49
9500 14
8000 1
8600 8
3200 78
1400 23
1500 96
5700 92
7400 7
4200 82
1200 34
2900 8
4300 21
3900 88
400 39
7900 45
800 75
9100 96
6500 82
5400 42
6000 64
1900 75
