35000 450
500 59
6900 54
2700 15
4400 32
5000 79
3800 57
3700 26
3700 7
1800 24
8100 25
600 25
1800 1
1900 81
4600 10
7200 32
1100 74
9700 39
4600 56
2200 4
4700 51
6200 18
1100 11
3100 61
6000 88
1300 88
5000 69
9300 79
6700 27
5500 54
9900 9
900 71
4600 24
8400 98
9500 25
3200 98
8400 70
4200 14
3900 42
3100 3
7900 77
2600 18
400 42
9500 72
300 13
3800 67
6900 93
4200 29
5400 94
3200 35
7900 71
9600 64
9900 63
4700 85
1000 78
8600 81
8800 87
6300 49
5900 31
7200 57
8000 43
9800 58
8700 13
8200 31
900 74
1100 19
2300 90
8100 67
8200 50
6600 66
2900 8
2900 7
300 20
8000 22
7400 99
4500 95
1400 98
5100 18
400 28
5500 8
5200 43
5900 30
600 92
5700 8
1800 85
2700 73
4100 23
8900 63
300 33
4400 79
8700 83
1900 71
8000 6
7500 96
9400 54
8700 40
1800 56
1000 81
2400 83
4200 40
4600 95
5200 93
9800 45
8000 95
8300 89
8700 96
8500 9
7400 94
1000 13
4400 57
700 36
4200 23
600 61
3000 38
3000 80
4700 90
3200 50
4000 50
2500 76
2700 67
1900 99
1000 31
7200 45
6600 84
8800 24
3500 81
1300 11
4500 43
2300 8
9800 96
9100 6
4000 7
6000 39
2300 25
1600 88
9100 49
5600 68
1700 43
4800 46
5400 99
1800 65
3500 17
3700 42
1700 39
9000 55
8100 73
6400 24
6600 69
4400 97
7700 73
3900 46
5600 62
8000 92
5700 16
5600 66
2100 74
4100 94
8400 27
4500 1
1600 3
2100 75
2600 14
1500 12
7100 30
3100 2
1400 88
2600 87
9600 76
9300 54
7200 64
1600 65
7200 69
9200 20
5500 10
1700 96
3900 46
4200 61
4000 27
6700 57
2500 6
8400 69
6000 49
7500 32
900 62
2700 9
9800 66
9800 31
8800 95
7800 56
1500 78
6500 73
7000 46
5000 54
2100 82
8600 23
9100 83
7000 83
3000 20
7600 20
1700 18
7800 38
1500 86
4600 93
2000 95
6700 16
2300 31
3800 46
5400 1
400 86
4400 15
8600 24
3300 6
5100 93
8800 12
2700 75
300 15
3800 83
2600 88
8500 38
6400 76
9200 8
6800 94
2900 64
7200 88
7600 72
8100 15
200 49
9200 1
7600 49
700 14
7100 44
2200 97
5300 73
4400 56
7000 61
4900 78
5000 4
400 19
600 89
2600 92
5000 84
6100 20
5500 32
7500 36
1900 80
6400 2
900 2
6100 16
8700 18
4000 31
7200 78
5200 16
2900 26
9900 63
6900 2
300 25
3000 47
2900 23
5800 14
6600 68
9700 11
7300 69
5300 88
4600 54
4400 99
700 42
8900 26
8600 26
1100 74
7500 37
9600 69
200 32
7300 9
9300 17
3100 57
6500 63
7600 39
6200 99
5800 55
9000 79
1400 76
5000 68
4300 52
3600 55
4300 77
5000 31
200 41
6500 88
5900 10
5000 28
7500 48
7600 27
5600 84
9500 53
1900 52
9300 82
9400 55
300 63
4300 39
6000 30
8600 73
5000 19
1000 94
900 34
6200 79
4700 47
8900 92
6600 48
3900 89
7600 28
9300 42
2300 52
9600 69
1900 15
9200 10
6100 41
2800 60
4500 70
6700 73
1000 73
3200 73
7000 11
4600 47
5000 9
9100 91
2500 22
3300 15
3400 97
3000 44
5200 44
5600 61
1300 24
1200 22
6900 14
8200 2
4400 28
1500 97
3500 82
3500 48
6100 60
9900 91
4200 20
7800 88
100 83
4600 57
4800 33
8800 15
4400 54
2400 16
7700 29
5300 15
9700 61
9300 83
5700 32
8300 72
4100 39
3900 63
3800 90
2800 91
6300 83
9900 56
6900 80
4700 18
8700 91
300 1
8100 93
9100 79
7800 87
1200 45
5500 39
4700 22
3200 9
7100 48
9600 30
4600 31
2100 11
4400 58
3900 39
7000 75
6600 13
6200 36
7900 60
6900 60
4200 72
3400 65
8500 33
9000 15
5200 31
5100 3
1000 7
8600 29
7300 59
6300 54
6100 33
9900 15
5800 26
5900 66
6300 53
3200 11
700 75
2600 87
3000 64
3100 44
900 91
1400 32
1900 72
7900 21
5900 81
3000 19
7900 85
1900 40
3400 50
2400 15
9000 89
9300 69
5600 46
3800 35
7000 9
6300 57
4000 70
6700 33
2800 2
3400 59
1600 77
5900 96
4000 19
8900 36
5400 85
2400 56
4700 6
2200 33
3100 83
4900 65
2900 72
2100 46
7200 29
6700 71
8300 11
8100 94
5500 29
300 34
3300 43
6200 7
3500 1
8400 97
4300 28
8500 69
6300 58
3900 83
2900 20
9600 93
