5000 450
1600 70
2200 19
9100 31
5100 41
6900 75
5600 21
3300 41
2800 34
4300 90
400 14
8300 40
5500 33
1400 37
6600 66
7600 32
1300 32
4100 8
5700 53
9200 87
400 39
9300 19
1400 28
5300 60
1000 19
6100 20
3800 42
8300 59
2500 33
6100 65
9800 1
2400 48
9800 56
4500 44
4100 94
6300 87
2200 73
5700 24
3000 87
400 84
8300 48
8400 54
3900 81
7700 58
6500 92
1600 51
3700 56
2200 97
900 35
6400 1
900 68
3200 15
2300 75
2600 39
6000 76
3100 70
3200 69
6900 24
8700 61
7400 25
1900 56
8200 32
8600 60
9900 56
8300 39
7300 77
8200 84
1100 47
4100 88
2600 9
4900 97
8300 4
9300 45
1800 48
6300 63
5600 94
200 6
9300 47
9600 58
2100 68
5300 33
6100 9
5200 98
5100 24
6900 90
1900 17
4500 78
6500 23
6300 61
8600 61
9400 41
7300 42
2300 71
8900 94
1600 13
8200 81
2700 6
6300 72
6200 99
8900 75
2600 2
200 56
3500 56
9100 67
5600 48
8000 80
5400 54
400 97
9800 54
9100 15
2100 72
1700 87
5700 20
7300 97
5600 14
9500 16
600 23
2400 68
500 57
8600 99
6400 6
7400 11
6800 33
500 57
3400 46
3900 72
3900 13
8000 63
9700 27
1000 16
7800 81
8100 52
9200 95
2700 59
1500 57
5000 93
6100 67
4400 3
1000 96
4600 57
3400 90
3700 51
5200 9
600 71
2900 20
6800 48
3100 93
600 55
1800 19
1400 12
400 31
7000 32
7700 83
6700 28
1200 76
8100 20
8600 8
4800 71
8500 19
7800 66
6000 81
5300 88
8700 14
3600 71
2600 76
3500 20
7600 33
9900 5
6100 29
7100 73
7400 79
9300 19
9300 18
4400 44
4100 82
7600 85
6200 5
2700 59
7200 77
4600 6
3400 74
4500 96
3500 7
9200 85
2000 86
1100 44
200 9
5900 57
4500 64
7900 91
5600 53
4500 41
7500 45
7400 68
5000 77
8000 32
2900 46
8400 21
3600 69
9900 35
9400 23
4500 53
7400 25
1700 56
5600 3
1300 35
7700 18
4600 44
7300 71
9100 4
200 80
6000 80
8000 22
4200 36
8300 5
7300 42
5800 16
8200 29
1300 65
7100 2
7500 98
9600 74
8100 41
8500 70
300 86
1700 15
3400 63
400 86
9800 91
4200 27
2500 31
7000 37
7200 58
5800 95
9000 37
8600 16
1700 85
1900 34
7800 98
6200 44
8400 78
7400 41
6700 43
8900 89
2700 89
2100 46
3900 77
3600 71
2200 63
6500 34
7900 26
7400 68
8700 27
8500 91
4700 81
8200 43
8100 46
4100 3
3500 39
4000 24
7100 89
6800 39
6500 65
3500 68
100 4
7100 26
4200 90
1000 33
500 15
3000 31
1000 3
6300 56
5200 32
5600 22
600 64
3000 34
8300 52
9300 79
700 19
8900 37
6400 61
9700 99
4700 19
5100 41
8100 99
6400 30
2900 12
1600 63
7500 17
3600 84
6200 99
6500 39
2100 43
4100 40
3400 78
9100 77
4500 78
6000 58
9900 5
7500 39
6400 76
7400 84
3800 69
7900 81
4600 68
3600 16
500 58
1100 32
4500 57
6000 38
5500 50
9600 40
2300 53
800 89
6900 86
3400 65
4700 45
500 13
200 95
3800 45
2100 74
4900 95
400 22
2600 37
3100 20
2700 39
5000 74
3200 15
3400 29
9600 84
5400 38
2400 91
3200 51
3900 52
300 92
4300 93
4000 54
1500 31
6600 49
9500 28
3300 4
5700 26
3200 62
8900 88
8000 5
9800 80
4500 31
2300 49
1100 15
3500 45
8500 5
9100 57
8100 49
9900 16
5200 73
1000 99
3600 87
4200 34
7200 49
4300 59
5200 43
7200 93
3900 91
800 72
1900 64
1300 96
3700 55
4800 70
7900 36
2500 75
1000 48
8400 79
4500 57
8400 50
7600 84
9900 25
600 42
9800 49
600 97
5300 53
6900 89
1400 67
600 2
8500 5
7300 25
3800 47
6600 50
3800 87
9400 75
7100 46
7000 60
5100 49
800 77
2400 78
6000 5
2400 47
3100 66
8600 46
7200 78
1500 80
5900 96
7000 33
8500 56
5100 6
9600 25
8900 80
4700 14
2900 84
6800 67
3400 94
4100 15
1200 70
7300 33
4900 87
4700 5
8800 46
8600 59
6300 37
800 79
6600 65
5600 31
100 13
5700 46
5700 81
4500 37
7600 29
8600 78
4100 47
5400 91
6700 4
1400 23
5100 42
1100 74
9200 57
7800 98
2600 53
2000 23
300 53
3200 77
3800 73
9700 3
2500 31
2000 84
3300 42
6700 20
4600 56
5000 58
8300 68
1000 89
1000 13
3100 31
