25000 450
5000 45
300 11
4300 50
7900 62
5800 8
3300 5
3000 31
5900 15
6600 44
5300 1
7400 69
4400 57
4700 36
9400 68
6200 86
200 65
600 12
5700 70
7300 25
8100 50
9500 27
3100 78
6100 57
1500 51
6000 84
7100 53
8300 53
5700 78
8300 39
5600 69
3100 24
6900 19
3600 48
7200 27
2600 31
9800 43
900 79
6200 7
3900 21
1600 5
8800 84
200 53
3700 19
6500 89
1900 15
9400 4
4900 32
5600 3
9000 59
3000 39
9000 45
8700 23
100 68
7200 78
2000 24
4400 15
6200 24
6400 12
9800 42
5800 16
6900 73
2600 69
4600 90
3300 99
1700 76
500 96
6600 26
6800 89
7500 6
7700 3
6500 97
8600 4
6100 83
2800 35
9500 96
9600 41
3200 58
5800 88
7500 5
3000 69
1600 50
6400 85
2500 87
7000 29
6400 62
7800 15
9400 84
1200 94
1800 75
5600 80
6200 78
4800 7
5000 96
1000 22
1100 28
9600 94
1700 47
6000 10
3100 44
2500 8
7900 89
3500 41
8500 36
1600 65
8800 4
5000 17
3900 32
1300 47
6100 1
4300 64
9000 73
8200 65
1000 17
1600 97
5100 68
5600 90
2600 49
7700 87
600 71
9500 52
200 63
6200 81
8900 74
4200 56
8600 4
8100 8
7800 57
8500 72
8700 1
2600 75
5700 12
5100 9
2200 4
4300 3
7200 1
1700 31
3300 27
9200 91
8600 77
900 4
8700 80
1800 25
8900 63
5600 16
8700 59
4400 79
7900 96
200 63
2700 51
3400 46
1600 66
100 80
3100 80
2500 70
7000 71
3700 91
4500 31
5500 87
2300 40
4200 37
4700 76
4100 29
900 48
9700 97
7200 97
9300 90
6300 5
4900 56
100 21
4200 73
1000 66
9600 7
6300 59
8700 96
1900 87
3900 52
5000 35
9000 80
1200 4
3100 50
5000 98
6500 64
3700 81
2700 6
2400 19
5200 8
7100 49
6600 72
2700 30
2300 50
7600 14
4200 5
3600 46
3200 34
5600 25
6700 24
3800 38
4800 60
4300 23
5800 16
6500 48
5100 18
3900 90
9000 9
3800 19
4900 56
4800 81
3100 96
4400 26
5100 15
1900 26
1400 19
7500 64
6700 71
7600 17
4700 7
4500 62
4300 7
4400 11
5200 85
7900 64
9200 68
8200 19
5700 50
6900 24
9900 65
5600 76
8500 64
2300 78
8000 37
8000 9
6000 56
5500 51
1300 62
1500 58
2300 82
6700 24
7700 42
8800 95
100 59
8200 30
5600 41
3200 71
5500 66
2300 31
9600 57
2600 37
2100 42
8200 14
6700 3
400 78
900 61
5900 83
5100 47
6700 98
8000 83
6500 7
8400 88
5300 27
1700 55
6900 15
8000 13
7000 24
5200 48
5500 52
5700 16
200 78
4300 70
2500 80
7000 99
1000 94
1300 74
9100 37
6000 56
4000 10
600 76
3600 34
3200 70
6200 41
4300 96
3300 99
3000 17
8600 23
9100 41
1800 35
9900 91
5400 52
5400 63
800 3
2300 17
6900 59
3300 91
3000 40
400 2
7200 45
5100 6
1100 46
6600 41
800 1
4200 58
9200 68
7900 77
1500 76
700 13
4200 70
4400 43
2700 14
7500 51
2900 67
2800 45
3100 43
2300 1
7600 93
6700 10
7400 73
3900 10
6400 53
7500 17
5200 76
2200 24
1100 99
6400 16
8200 9
5800 21
2600 95
7900 88
6500 23
9200 86
3600 75
4300 13
4300 66
4000 28
9500 33
3900 95
1300 81
300 57
4700 41
200 73
6600 76
8000 91
5000 73
4600 44
600 41
1700 68
300 56
9400 79
9400 18
2400 65
5700 77
6000 91
1700 48
400 59
2900 94
400 25
800 43
9000 83
5000 10
9400 71
7700 54
7300 19
6300 78
400 77
4400 71
5000 68
2200 5
900 79
4900 6
2500 51
5200 12
5300 52
3800 79
7500 58
6200 78
6500 16
9600 18
6400 14
3600 53
4100 72
100 65
4500 36
8400 49
5500 78
8200 14
9300 26
4700 25
7600 44
5200 32
4800 62
500 88
8300 98
4600 78
600 42
5200 67
8100 97
1600 20
3600 55
6400 16
2200 73
8500 91
8400 8
300 3
6200 13
9300 82
6000 31
9600 73
500 68
2700 80
3100 3
2800 45
6400 64
4900 9
9700 62
3000 31
5900 33
4200 34
5000 83
400 27
5300 78
5800 23
7500 15
6100 27
5800 41
3200 23
8000 14
6000 51
4300 98
9400 77
900 59
4800 21
9700 60
9400 51
3300 29
1800 88
2800 36
7500 27
800 91
4100 89
9800 64
9600 37
1600 97
7200 54
2400 56
6200 96
4000 46
1200 86
8100 63
7400 47
1600 82
2500 16
2500 38
