45000 500
2900 52
8400 64
5000 80
7200 63
5200 70
5000 34
7700 96
4400 49
4700 49
8000 27
9100 72
2900 75
900 65
4000 8
1100 86
4400 82
4300 51
1400 50
1100 94
7200 32
600 7
1300 29
2700 22
8500 27
4000 26
2400 15
8700 69
1900 9
5700 25
1100 83
4600 65
4500 86
3900 35
1000 3
600 2
6000 19
4500 24
6300 45
4200 72
5300 57
5400 92
5300 30
3300 29
2400 97
3600 47
9500 12
7400 57
4200 4
5300 81
900 10
1600 25
9200 35
6300 63
6700 41
1700 19
7800 76
1900 64
8100 16
3500 12
300 10
7600 38
3200 47
5400 7
5900 27
9200 62
5400 87
6300 54
5100 36
7800 92
2500 92
2100 97
500 62
9200 61
3700 10
6600 45
5300 66
3300 42
3400 92
8900 59
4200 88
5700 58
1100 1
9100 71
4000 10
4800 11
2400 35
9200 36
7500 64
8200 52
600 1
2000 82
200 33
9800 84
7800 83
2400 34
700 28
9900 38
700 91
6600 63
4500 51
8500 82
8400 37
7700 24
6000 65
4100 81
4700 96
8400 46
3800 89
1200 17
3800 50
9600 48
9600 82
7100 53
6000 64
7700 14
6900 96
9400 44
8400 15
7400 25
8800 60
2500 60
4200 21
1600 72
4600 70
9800 60
5400 17
6600 17
9600 29
9600 70
9500 54
7400 54
700 65
7000 94
3200 87
100 54
4900 88
2000 3
9600 69
7800 62
3700 20
5900 90
6300 95
8800 73
600 5
6500 8
8400 46
4700 20
7700 6
7600 47
7200 30
4300 41
6300 3
3000 23
5400 91
5900 8
1800 89
8700 93
3700 94
6900 92
1300 39
9200 83
5300 20
7200 68
8500 14
1800 7
3200 50
1500 45
2000 2
3600 52
200 2
8300 56
6200 62
8900 20
1300 40
6500 13
5100 28
3100 57
1600 76
1500 27
500 45
1600 96
2900 47
800 64
5400 46
9000 83
9200 7
7800 25
900 35
4900 21
2300 53
3600 33
2300 42
7000 69
5400 59
9400 92
4500 78
9700 7
7400 39
4700 75
8400 6
9900 35
2200 17
8900 23
1700 44
4500 81
6000 80
7000 28
9800 31
5600 60
8000 60
2700 53
6500 38
200 91
4300 81
5400 28
4800 31
3900 26
3000 14
3900 48
7100 80
6000 61
4700 6
100 8
6700 90
9100 36
8400 40
9700 91
7500 33
100 51
6700 36
4800 64
7300 5
1200 49
6100 54
8000 78
6300 67
7800 46
8500 52
3700 77
500 82
3600 28
1700 8
2600 55
3700 67
2600 87
9200 64
2300 38
1700 46
2400 74
100 39
7400 96
2200 82
9300 87
4700 32
3800 93
1900 37
5900 24
3200 42
5400 20
4100 52
4800 60
6300 76
9600 47
2200 38
1300 66
6800 74
5700 67
4500 8
6900 73
9900 36
4700 26
1200 49
3300 83
1800 92
5500 36
4700 66
1300 5
500 63
9400 98
1300 52
900 75
9600 49
3800 80
8600 42
6500 32
5100 7
7300 13
5500 75
1100 77
4900 15
4400 51
6700 3
3100 74
5900 48
900 72
9500 47
5600 48
6200 66
4400 45
4800 98
2300 88
3300 54
2400 20
9100 64
3900 38
9300 77
3100 91
7900 31
800 89
4000 43
9600 89
7200 82
5500 84
6700 79
9300 3
8000 25
3700 22
3900 63
1500 24
2200 96
5300 45
5100 68
2400 86
7700 10
6100 29
8100 60
6900 9
4800 29
8100 57
7500 97
1500 65
8700 7
2600 75
6000 48
100 54
9800 52
3600 17
5200 3
5000 63
7500 30
9000 12
8100 93
6600 25
1800 35
9100 97
9300 12
3400 73
6100 38
500 34
1800 22
800 25
600 4
7100 56
6200 52
2800 93
9300 21
8200 90
2500 95
5400 17
100 43
4500 96
7600 45
3700 38
2000 68
7700 5
300 31
700 85
4200 5
9900 67
400 11
3500 38
600 3
3400 68
9000 54
5600 82
9800 4
5200 10
3600 63
9800 25
3800 58
4600 71
9300 23
5300 48
3200 97
1500 39
7700 24
2200 82
1200 67
1900 2
2400 62
1500 22
8000 17
4200 99
8500 37
4300 81
4900 62
7200 35
1300 8
9400 45
2000 33
7200 48
6000 37
2000 96
4700 88
3900 86
1900 58
5500 34
6600 48
2200 37
3900 71
6600 43
8100 83
1700 90
4100 58
8000 10
7200 80
2000 45
1200 84
2200 53
2400 2
8500 54
1600 64
9000 90
1600 24
3100 78
6000 86
5000 21
5200 15
1500 23
200 31
5700 96
7600 17
6500 57
3300 33
1800 56
6500 60
1400 75
1900 25
5100 93
2900 62
1000 3
3000 56
4100 49
7800 7
2200 45
4100 45
8300 88
2400 36
700 98
2500 12
5000 83
8600 8
5300 37
8100 70
2000 60
8100 29
2000 25
7400 6
4900 63
7400 28
7100 99
6200 34
5300 44
4400 86
8000 30
2400 27
3500 42
3000 45
1200 43
9500 80
2600 76
2500 83
8100 41
7900 7
2700 53
8300 29
7100 81
7900 20
4300 57
3700 34
1900 55
6500 59
700 98
3600 94
2500 12
4200 9
1500 76
4000 41
7900 11
7300 47
8300 70
8300 4
6300 62
4100 79
5300 61
1700 25
3600 4
9100 45
700 89
1100 77
