10000 500
9500 9
2500 76
9600 82
8200 81
7900 69
5100 73
6300 20
5400 29
6100 77
5600 32
300 6
8000 10
8600 15
7000 78
4400 76
7300 9
6700 3
7000 99
900 67
600 29
7900 13
4300 56
7600 96
4300 8
7900 75
1000 70
3700 82
5100 38
600 88
1500 55
4800 38
6600 70
2000 96
6100 44
5800 36
8400 19
7400 8
8000 51
5900 74
5400 72
8500 90
3000 74
8500 59
6100 83
7000 28
2400 8
6500 13
9900 42
3400 51
4600 52
6300 9
6800 8
3200 21
5700 99
4200 61
4500 56
5500 92
2200 53
5800 73
1500 73
7400 40
8700 57
5100 71
8100 44
5700 79
8200 72
7500 82
500 1
2100 88
1200 9
8100 62
6900 92
4700 55
5700 17
9300 44
9200 60
400 72
8900 12
6300 72
6000 2
6900 83
2700 53
3100 5
6200 41
6600 81
3800 10
2400 57
9100 29
9400 12
8300 13
3000 1
3200 83
2700 44
400 85
600 23
7000 42
8100 78
2300 79
3300 31
5700 85
3700 55
8800 25
8900 44
3600 37
3700 15
2900 51
5200 50
5300 29
8400 65
5800 5
7600 29
1400 20
7000 1
1100 71
9100 6
3700 12
7800 20
6500 9
300 36
7500 76
5400 9
4700 27
6800 38
1300 30
4200 97
300 20
7800 85
3000 50
6400 15
7500 7
7200 68
9300 20
200 23
7900 3
9900 84
6800 63
9600 27
8600 11
6000 26
3100 70
6900 33
3000 91
3400 98
4500 72
3900 13
100 90
1000 42
5900 41
1400 36
4500 73
4400 70
8300 35
300 32
1900 54
100 20
2900 37
400 17
2700 17
1600 40
3300 51
2000 74
8300 56
4700 20
5600 51
3400 67
5700 63
2200 85
8700 6
1600 58
200 12
2900 31
1000 34
4500 26
8100 87
9500 28
700 67
600 23
1800 40
7100 1
4300 40
6900 87
6000 37
4100 2
300 40
5300 4
3400 66
3200 19
8800 3
9500 6
9700 70
7100 21
200 79
1500 6
800 37
4400 6
5900 24
5700 55
4500 16
9600 11
9500 91
400 90
3000 90
9900 26
2800 87
3000 9
800 52
7100 21
8300 55
8700 48
1000 35
4800 48
5600 89
2300 42
9100 20
3500 71
6100 80
3700 82
9000 20
1000 64
3400 63
5400 57
1300 42
5600 4
6600 82
500 50
8800 78
8800 75
900 77
3400 54
5300 47
8200 20
9700 98
900 1
3000 65
100 61
2200 50
5300 1
9800 82
3600 6
8800 69
2900 2
100 66
2900 13
1400 2
7500 79
9100 73
4700 84
9900 3
9200 64
1300 12
2100 42
8300 45
1100 61
7700 10
4000 68
3200 35
2500 93
1000 99
3900 12
3400 19
9200 53
7000 25
3900 55
6400 55
7500 42
3000 19
1100 74
1300 55
3400 33
4300 22
3200 65
6100 28
300 6
7200 48
9600 18
8200 21
6700 92
8400 2
3900 90
200 1
9600 67
2200 40
7600 59
2600 51
2700 9
2200 78
9600 72
2100 4
1400 41
3200 1
7100 49
5300 39
2400 50
9900 42
3200 16
600 53
9200 11
6300 94
4400 54
400 65
6100 37
1600 42
3400 9
9000 29
800 75
3000 46
9700 95
3000 11
9600 33
6500 41
6900 86
1800 47
6600 6
9900 51
9100 10
5700 44
3500 69
3500 99
3600 56
1300 11
3800 70
2800 44
6800 67
8100 18
5600 74
5500 90
1600 97
1100 33
2100 18
6600 37
3300 15
3500 88
1600 47
6600 11
5500 80
5100 14
6700 8
4500 31
1900 27
900 9
6800 79
8900 29
1700 87
4300 77
8100 87
9700 46
5900 93
900 55
6000 57
7200 43
8300 84
5500 12
1800 83
3100 63
9200 11
8600 62
9800 38
6300 18
7800 58
6500 81
7300 50
7700 67
9500 91
7900 95
8200 90
9500 35
5200 63
1600 8
2000 61
9200 48
200 81
100 50
2100 98
9900 31
5100 19
1800 46
6700 81
7900 29
5800 59
4600 10
3700 93
8600 45
9200 16
8500 92
6900 11
6600 86
1500 42
8700 70
6400 39
7200 14
5800 40
6200 27
8800 14
2200 47
4700 4
3900 98
4100 66
1500 69
4400 12
5200 57
7600 95
5800 78
9900 15
8600 61
5200 18
3500 63
6300 3
4900 93
6100 76
2800 20
9200 60
3500 79
5200 64
3600 83
4600 86
700 89
7800 55
4500 35
2200 17
2900 1
6300 13
3000 52
7000 4
9500 61
8600 11
5500 36
3300 45
5500 58
8200 62
8100 86
7000 68
9600 90
900 31
100 84
3500 44
2300 57
6600 8
2300 8
7500 56
9100 12
7600 82
1400 12
1600 60
2600 13
2300 56
4600 24
1100 86
8200 28
2400 58
600 77
2600 51
2400 3
3900 13
1100 74
3300 76
9700 91
2400 81
6900 33
5700 27
3600 87
5200 59
7900 75
2400 37
8600 13
8400 10
700 11
3500 88
4500 18
6700 40
500 67
4800 28
1800 87
7900 61
4000 18
900 41
9900 12
400 71
3500 56
8800 6
5000 92
100 89
7500 14
8700 77
5200 86
6500 78
4800 33
2600 17
5700 20
5400 92
5800 13
2300 50
100 22
8100 17
100 35
5000 96
9400 28
3600 15
9200 9
5800 31
8200 60
