25000 500
8500 34
200 27
4500 31
4800 42
2000 93
6400 99
7200 94
1600 37
2100 76
4800 72
4200 35
9800 46
3000 5
5800 23
2100 40
9800 51
5800 59
5900 22
6400 32
1200 17
4800 97
6800 74
2000 99
4900 50
5800 12
7500 56
6600 61
9900 82
900 77
1300 30
2300 13
1900 32
7700 49
9700 31
4600 28
300 34
9500 45
8200 93
3700 46
8700 5
9300 31
8500 33
4100 22
2400 73
6000 39
5200 83
1400 25
4200 11
2200 99
8900 24
8700 29
6500 63
7600 39
2600 59
8200 94
9100 91
9400 4
6200 92
7500 87
8300 59
9200 20
3000 2
9600 78
9800 73
5300 46
4000 86
1000 45
900 87
9000 86
9200 1
4900 92
1500 61
4300 18
6700 42
5400 13
8000 3
4300 35
3600 44
5100 78
2800 30
8000 6
2200 79
2500 54
8200 91
1000 42
9300 8
9200 40
9900 78
700 14
4100 11
2900 47
5600 54
1900 61
6200 5
7000 46
3600 19
8400 51
9100 31
7800 34
1300 7
4100 14
4700 43
7600 52
5900 77
1300 99
2000 33
3300 86
4300 9
8600 95
5200 12
800 72
3100 20
1500 74
4200 67
3400 98
6100 58
2600 67
3500 20
9500 42
6400 77
8900 25
300 98
2100 57
9400 84
5500 64
8100 27
7600 52
6900 9
7800 60
4300 52
7200 36
4100 36
3000 59
3600 23
800 21
4500 25
8700 3
6100 12
500 4
2500 4
9300 53
1900 70
7700 13
7000 29
1500 56
7200 30
5100 51
1700 47
8800 57
3400 42
2500 65
600 77
3600 58
7200 43
9200 26
1300 25
9100 2
7200 32
2300 5
5600 45
6200 10
8200 28
3400 58
7400 36
1300 21
500 68
8600 8
2900 42
5500 29
1900 7
8000 56
2300 35
8300 62
7500 33
4900 5
5900 13
8300 64
6400 33
7900 31
6700 59
500 70
1000 80
1900 9
3400 21
4600 65
4600 56
2100 2
1000 57
3600 34
3500 91
5400 30
5600 22
9000 54
3000 6
9300 88
3700 46
8000 7
8100 34
8300 92
7900 7
4200 49
8500 17
4400 29
3100 4
1200 12
5300 41
9300 48
7100 79
6300 97
6700 18
2500 55
5100 43
6300 54
3500 37
5800 31
4100 40
1000 96
7000 13
100 1
4500 60
9700 54
6600 56
5800 88
7000 57
8800 37
5200 36
4600 59
3700 82
4100 81
900 74
4600 56
1100 1
2000 66
7500 57
6100 83
6800 24
4300 95
6600 73
8600 42
7600 84
7900 42
9500 32
8600 53
5400 56
1200 96
6800 63
1400 84
6500 25
500 85
2900 5
9000 46
3100 50
8400 11
8000 81
5200 16
4300 97
2900 96
7300 59
3600 48
6700 55
7000 39
9100 34
400 95
300 59
8000 44
4100 30
7100 31
9800 12
7200 76
2300 89
3600 9
9600 1
9100 83
8900 61
3800 24
600 73
4700 39
1700 88
3000 76
8100 95
7800 17
900 82
9200 17
1400 18
9900 13
2700 65
400 98
300 11
7700 44
3400 65
2800 32
3900 79
8500 31
1700 50
9000 61
4400 42
1800 97
7200 7
9300 93
4500 62
5800 30
7800 40
7300 65
1700 68
1100 27
400 42
6700 55
8100 94
6900 53
1200 26
9700 30
8200 24
6100 30
7400 57
3300 22
4700 87
2000 91
5200 65
9600 71
1800 25
9500 45
2000 41
7700 17
9800 98
9400 65
4600 65
1200 6
5800 58
3400 6
2300 39
5100 29
5000 83
7800 29
600 6
600 62
4700 51
7100 34
4800 46
9500 98
800 5
4000 8
8000 11
3600 84
4900 59
6300 58
4000 15
500 37
6500 11
3100 11
1800 65
8900 5
5400 34
9800 89
5500 98
6700 83
2500 31
200 81
6400 35
7400 6
5000 21
6500 97
3100 38
7100 44
9000 62
9100 43
2600 4
2000 16
3800 94
6700 88
8400 57
1400 27
6500 82
1900 36
6200 80
2700 21
2100 73
8400 20
7800 96
1600 15
9700 79
7200 16
8400 83
8700 64
3100 6
700 38
5600 25
1600 48
400 13
5000 1
4600 93
3000 12
9800 46
5700 33
3900 70
2200 2
900 42
6200 94
1000 33
2500 16
400 72
5900 76
3100 98
2000 28
9100 28
7900 49
9100 10
700 9
6300 35
200 23
4600 90
2700 95
5500 86
8000 11
9900 26
7800 78
1800 68
7400 22
3700 44
7900 52
1200 2
9100 61
1100 2
3400 65
8600 22
7900 29
8000 70
900 47
4700 82
2900 17
5600 19
8400 7
8800 73
3000 72
400 42
4700 80
5500 67
900 44
1700 88
4000 36
6800 48
500 19
2600 75
7200 23
1600 50
6400 24
900 40
7800 97
5000 81
1100 13
100 33
3300 41
1600 49
700 52
3600 20
4100 10
1800 52
700 19
500 69
7400 90
8700 91
1800 39
1700 91
7400 24
1000 21
3400 3
4000 5
2000 85
9600 62
4100 78
600 18
9400 88
6700 1
4300 78
6700 52
8800 40
1600 69
3000 37
7600 96
7100 11
3600 60
3000 23
4300 25
3400 25
1500 9
7000 34
9000 81
4300 89
2900 8
800 58
6200 89
4600 44
8500 38
2700 89
6600 54
5000 88
2200 89
8600 27
1700 31
900 52
8500 62
