5000 500
1300 95
3400 89
6900 71
8100 31
3800 96
4300 22
1500 84
400 91
3300 87
1500 65
8800 99
6100 93
300 6
3900 27
4400 61
4600 92
7500 40
8200 63
3100 99
2000 39
200 80
2300 68
7600 54
5600 46
6300 90
6600 99
4200 66
9000 41
5600 60
1600 91
7400 31
100 70
8500 6
7100 84
7300 5
1600 37
3200 31
3200 18
7500 23
3900 70
2900 20
6800 64
1600 81
9300 23
9300 92
5800 3
1500 81
2300 73
5800 23
3700 38
3700 87
9100 89
9900 62
3500 72
4500 38
9500 85
5700 60
6500 81
4100 49
600 18
7700 8
5800 62
3300 55
8000 91
1500 46
700 33
5000 13
6300 50
2200 14
5800 49
1400 39
600 66
4800 5
3800 23
7300 39
700 50
7600 55
4000 31
7700 97
7700 97
8300 67
6600 92
9300 83
9800 41
4000 75
6500 24
5200 68
5000 98
6300 46
700 19
2700 17
3200 48
600 92
2700 24
2100 58
6100 46
3200 69
4400 57
1000 7
4100 36
9200 8
7200 40
6600 56
2500 68
1500 67
8200 47
7400 3
6700 55
1000 37
7300 58
7300 33
7200 40
3900 27
1000 2
200 10
7800 99
7900 66
9500 13
2000 78
1500 76
1100 40
5300 87
9800 67
200 64
9700 16
4600 65
9500 82
1700 68
8300 91
3100 54
8800 8
6300 27
2300 92
5200 11
4900 32
1800 60
7000 71
6700 96
7200 76
1500 13
8700 2
5500 13
4200 27
400 4
9200 99
4700 86
9600 2
3500 79
2400 72
9400 51
9200 66
5500 33
2200 24
3100 7
8400 37
2500 23
6300 69
400 60
7800 54
4300 51
7500 13
5700 80
300 91
5000 41
2200 52
7000 38
2000 76
8000 78
4100 35
7100 7
8900 80
2000 89
1700 79
1300 12
2500 53
8400 47
6700 84
2500 2
8700 52
3600 75
6300 36
5700 78
6100 71
1500 40
4200 80
4200 50
8000 9
5100 92
6000 58
3900 9
7800 14
2100 9
2200 29
8400 75
2200 47
3400 13
5400 39
3800 48
2500 66
3000 8
8900 49
4100 4
4700 81
4300 46
5800 96
2300 15
3500 88
3200 31
2100 85
5600 94
5100 41
1900 44
1700 91
3200 34
3500 3
7400 59
2300 59
5100 88
4600 51
9900 72
7100 87
8700 1
6400 87
9900 21
5900 68
2700 11
5900 18
9200 38
9100 3
4900 11
600 60
5900 54
7400 28
7200 56
2900 54
5700 96
2800 35
400 91
5500 23
2800 82
8300 34
6700 43
2800 81
6000 47
2600 20
2100 69
8300 35
6000 99
6700 77
9100 55
200 86
400 38
5100 31
6200 90
3700 6
5400 50
2100 46
1000 91
7200 77
8200 27
2700 69
6200 35
8400 12
7100 75
1400 31
6200 52
900 31
9400 89
4100 74
5300 93
1200 47
8200 43
9400 42
2600 1
7600 45
4000 4
800 45
7600 30
8300 19
3400 18
2200 34
4800 82
5600 40
8800 87
8600 11
2900 95
3800 90
4000 55
1500 59
2700 57
5100 85
2900 24
4800 71
3300 43
8200 78
5600 51
8200 35
5400 65
1700 44
9300 86
4800 55
9900 14
3400 61
2200 59
8700 93
9200 14
4900 34
4900 85
9900 1
9600 7
1900 96
8400 15
6000 40
100 37
9000 13
8200 71
1400 25
1000 72
6900 56
9800 36
5500 53
3200 2
5900 60
500 1
5600 10
6000 23
9200 77
1800 18
9400 8
4600 61
9500 58
9900 65
3800 81
1500 16
2300 23
2600 59
1700 63
2400 46
9800 26
2700 86
1600 54
3600 43
4000 55
1500 72
7900 51
6900 18
5300 59
2700 28
8200 83
8600 62
3300 60
700 2
5300 94
2400 48
9500 39
9100 1
5000 29
3000 50
2200 18
2000 5
1700 19
6100 62
3900 41
7700 18
8600 37
500 99
7600 22
2500 95
9900 47
1000 62
7100 16
4600 18
600 8
8100 18
3800 62
5000 39
4200 42
400 5
600 22
900 11
9100 74
7800 50
8900 36
400 69
8500 61
1200 74
8900 28
3100 86
3100 50
1600 48
5600 27
3800 47
700 1
1700 99
5000 53
9600 76
7800 76
4000 59
900 68
9200 55
5400 52
5500 75
2300 67
8000 62
6300 37
7800 79
7300 47
900 58
500 64
5700 68
300 3
2800 44
3600 84
4100 3
2400 56
5100 13
8300 17
400 26
8500 98
2300 78
4200 19
5800 44
5900 17
1600 85
9700 28
2700 83
8100 39
5600 94
4700 49
1100 13
9600 88
4400 52
5200 15
7000 76
2900 54
3400 43
6800 11
1800 26
6200 57
9400 83
5600 29
4800 1
8600 57
9900 69
6300 31
7200 61
9700 64
900 69
2600 26
7100 29
9900 43
500 64
1900 5
3700 41
6100 53
1000 52
9300 75
8800 50
9100 3
9700 14
7000 20
4200 69
6300 16
900 31
7300 81
8600 71
9700 20
500 29
4800 80
700 78
7700 20
3400 5
1700 9
1400 78
5400 81
2100 79
5800 83
600 80
1200 60
8900 80
6200 59
2100 47
8000 29
5600 79
6500 20
8200 19
6900 64
5700 71
9100 83
8200 3
9600 87
3600 91
8900 92
3800 68
4800 72
5200 45
5200 11
2800 73
5000 86
6700 93
