30000 500
400 59
7800 93
2100 95
4400 30
7800 29
8000 75
8700 71
2000 15
300 81
3200 91
1000 63
2600 70
6000 21
9800 46
2100 2
4000 36
1700 91
9400 47
2400 88
7700 21
4600 91
4800 11
8700 52
7400 13
6900 36
7200 19
3700 46
3600 16
5800 30
7600 30
7200 26
6800 28
400 72
1400 27
7800 91
7800 87
7200 6
8700 3
1800 36
8000 91
9400 55
3400 77
800 8
9800 75
9600 37
9200 27
200 36
9000 53
200 61
6700 11
1300 25
400 88
5200 49
7800 10
800 98
9700 79
7100 6
5200 50
3900 38
1200 78
3100 59
4300 26
100 33
1700 65
2600 11
3600 16
2300 13
2200 85
3000 31
2500 42
4400 11
2600 50
5400 71
8400 53
5100 53
9600 9
1600 80
3300 98
700 99
5400 22
6600 87
3300 58
9900 14
1000 44
800 20
3700 71
7000 17
7200 37
2800 61
6100 15
7900 28
5100 1
6200 89
5900 59
9300 92
1800 4
3600 1
8100 85
2400 23
4100 1
200 4
1700 39
7000 23
7800 39
6800 97
8800 23
3500 29
6900 90
7600 73
3800 87
4700 45
200 44
800 29
6200 76
1300 89
6400 91
2500 24
4000 66
3900 88
5400 14
6500 40
7700 44
8000 37
200 58
7700 99
5600 19
5600 58
1800 23
900 47
2400 1
1600 76
1200 1
8500 4
3600 15
2900 46
4300 1
5800 12
2000 75
8800 13
2400 12
5500 59
6000 48
9000 88
4700 26
6600 62
7800 16
8200 98
500 57
9900 41
3500 47
6800 53
9100 9
6400 70
5700 34
3200 80
3100 13
5300 33
3700 68
2000 30
8400 78
7800 93
800 24
5000 78
2500 92
7100 15
7400 7
8500 90
800 63
5200 66
1400 41
6000 70
5200 29
9300 51
5700 75
8100 35
3600 25
1500 48
7900 64
2200 43
4100 54
8900 34
2800 58
1800 43
8000 80
3100 5
2100 82
800 25
3300 77
300 20
5400 49
9500 65
4800 80
6000 38
3900 92
7700 66
5700 8
100 65
4800 25
7500 38
5900 72
8200 6
100 55
3200 5
9900 3
1000 32
3800 56
6300 8
1100 82
5000 62
9300 29
6600 59
3300 56
5500 94
7900 99
6500 32
800 96
9100 55
4800 6
1200 48
8800 40
4900 67
3800 77
5900 59
2900 2
6100 60
1600 47
6500 71
100 94
7800 25
7600 3
9900 25
9500 78
500 97
600 25
7100 90
6900 99
3500 52
4500 88
400 70
1200 16
3800 86
9900 76
5700 43
4700 80
2500 60
1500 89
7600 43
3600 70
700 69
5000 59
4900 64
7600 83
9400 78
1000 84
8100 88
1900 29
1300 78
3000 59
3700 48
5600 71
5200 51
3700 61
1700 67
8600 74
3900 41
7600 54
2000 42
5100 74
9800 76
3800 41
1700 47
4200 58
4700 66
6600 29
2800 9
1800 62
3500 44
100 68
8600 78
7600 41
700 50
9000 63
7300 19
3500 23
7400 67
9000 98
9100 98
9200 69
2500 76
4500 66
8800 96
5900 57
1500 94
7600 68
4000 52
5400 46
4400 50
2600 55
8200 81
9600 81
5800 48
5500 77
3300 3
2300 52
2000 92
4300 66
4100 61
700 2
5200 19
6600 43
6200 77
4200 96
7200 2
8700 42
9000 41
4400 78
9000 23
3000 6
300 82
800 55
5400 71
5400 13
5900 33
8300 93
300 64
900 70
5600 65
7300 89
6000 49
6500 41
2500 28
1500 59
6600 28
1900 20
3400 82
1200 92
4300 31
1800 28
2800 43
1700 80
4700 28
9000 30
5500 90
200 89
9200 62
4900 84
6000 32
2600 63
5900 96
1000 83
6100 77
5700 69
4500 38
1700 36
4500 66
4800 94
8500 93
9300 85
9300 9
9800 71
3500 17
300 94
9200 75
2800 80
300 28
1500 69
2600 39
8000 65
6600 53
3500 4
6200 31
3600 4
4000 14
5300 60
8600 1
8800 71
9000 91
8500 90
1700 96
3400 11
9000 60
3300 89
9800 12
9500 82
1600 76
2500 33
5600 60
6300 56
9700 79
1500 60
5300 11
8300 14
3100 39
2100 70
1200 84
6500 27
8200 31
8400 49
5300 47
8900 49
800 15
9900 83
4900 40
2000 50
5300 22
3500 12
5600 72
1300 42
3800 76
3200 72
7000 34
5000 18
1100 89
6800 13
1000 58
9900 49
4400 74
2400 71
1100 63
1600 20
7100 99
1400 79
6700 31
3700 76
500 30
8300 54
6900 95
8400 90
5900 54
7600 30
1300 60
1400 45
3900 2
6400 26
800 81
9900 75
5500 17
5200 42
400 55
2300 87
5600 6
200 13
6500 88
9400 79
7300 80
6100 94
4100 41
9800 66
2600 14
4600 12
6200 6
3200 11
8400 69
1800 56
3100 1
4200 74
9100 31
2100 95
1200 95
5800 43
1400 71
2600 93
7000 99
5900 65
5000 89
6400 33
4000 76
6000 8
9300 40
5800 89
6400 95
2200 46
8100 40
3600 25
200 76
2700 8
7900 98
9300 61
3200 52
300 49
2000 96
5600 73
6700 30
7400 90
6800 58
4300 53
300 74
6400 60
9900 9
1000 36
2900 71
1000 69
6300 79
5100 95
7600 33
100 69
7000 25
5400 41
7200 11
4300 68
