50000 500
9200 30
5500 44
1300 80
200 21
5600 75
3600 93
7000 69
6400 8
5300 41
4900 36
7800 73
4100 52
2000 85
5200 58
6900 49
9000 12
8000 88
1200 58
3400 74
1500 88
2200 28
400 84
2300 46
5400 91
9400 71
2700 1
700 45
5000 31
8900 23
7300 99
9600 81
5800 92
6700 54
2200 17
600 52
3800 36
9200 26
5900 66
5600 66
1900 20
100 66
9000 83
100 84
700 58
1000 83
5500 5
5900 47
6000 73
700 15
6600 28
5400 14
900 89
8600 79
4900 76
4100 90
7100 35
600 29
3500 97
2500 27
3000 18
5100 69
1400 37
2900 6
3300 55
4400 10
6700 36
8700 63
5000 88
4100 5
5000 46
4900 48
4300 71
3900 21
3800 24
2100 70
8100 67
4900 81
1700 62
6700 58
1000 38
9100 49
5700 47
8500 4
8900 26
3200 71
8600 32
9800 49
9900 92
100 1
6400 21
4600 97
4300 85
6700 3
4900 34
3600 10
2900 46
6300 79
5800 28
7400 23
9600 98
5400 91
2100 69
3500 77
1300 82
8000 22
7500 75
4600 65
7100 52
7300 22
5400 48
6500 79
3400 2
1100 4
1600 81
5400 12
4100 28
2600 56
9500 62
5100 17
9300 51
2800 98
6500 68
6200 67
900 32
6700 82
3100 66
9700 60
5500 20
1500 30
9000 47
7300 35
8800 53
3200 70
6800 65
8700 86
8000 80
4300 82
7300 78
9700 87
2800 6
2800 57
6600 34
2700 64
2400 98
6900 5
600 32
7800 27
6300 81
9500 94
300 81
7100 8
5500 54
6800 64
6700 82
300 33
6400 44
600 56
2600 51
1700 90
2000 66
1700 27
8400 65
1400 72
9200 65
6500 30
2300 11
3800 37
5500 51
9600 70
8400 91
6200 49
3400 12
700 54
7900 7
9700 47
100 94
300 64
3200 22
7000 71
2500 27
9900 36
9800 63
4700 69
4600 53
8300 74
8900 60
8600 38
9500 27
3100 66
5900 93
8700 60
2800 72
4700 75
7000 8
9800 99
4500 43
5800 83
1400 45
9000 84
6300 85
6400 69
600 55
8600 6
8900 95
1100 89
4100 66
8500 97
9900 2
5300 54
6100 52
8200 19
7900 99
8200 95
6700 96
9800 75
8900 10
9300 66
900 65
9100 69
6500 65
9900 1
4100 83
1600 38
9000 54
2600 47
8600 74
1900 57
3000 95
4800 69
7600 81
5300 98
6700 84
5500 93
6700 47
4800 40
6600 58
8100 88
8300 25
3000 75
5100 62
5700 34
4900 93
8700 67
8800 26
9700 36
9200 32
5100 43
6600 85
7100 22
1900 42
8100 66
300 89
4100 98
1500 44
3000 41
6000 67
100 78
2600 26
8800 32
100 71
5500 50
3700 84
7700 23
7000 84
2700 82
3900 85
1400 46
2900 27
9000 16
6500 54
6700 88
6100 42
9400 59
2400 21
5000 88
7900 89
7000 93
4000 9
1200 21
6000 52
6600 25
6300 1
2600 87
3800 12
5200 88
8600 9
3100 59
5300 30
2100 70
2000 48
3900 54
8000 15
6700 23
4000 29
8600 12
7200 93
9000 66
2000 79
7900 72
5000 2
6800 62
3000 97
3900 83
1700 90
9800 46
9100 55
700 32
5200 68
5400 80
1100 42
7600 13
8200 82
5200 82
4700 92
3600 14
9500 47
5700 94
1200 77
9900 14
1700 29
1800 15
6700 82
2800 10
7700 16
7800 88
3500 18
5900 37
200 29
1700 41
9900 97
9200 33
8300 8
3200 98
6700 39
5300 2
6900 57
9900 98
7100 40
400 96
1200 67
5500 80
1600 36
5600 80
9400 19
9500 37
6600 43
8400 55
3500 7
3200 34
300 11
2900 64
1500 6
500 53
300 80
2400 96
1300 14
2700 29
2100 14
6500 37
8500 18
2300 2
3600 43
5700 62
800 9
3500 19
6400 34
3600 28
9900 13
4300 53
3400 4
100 91
9900 88
700 60
9700 45
6800 98
5100 86
9400 30
300 51
7000 90
6300 77
5400 25
900 86
7900 46
6800 33
8300 10
1500 68
200 52
7500 64
600 69
1500 73
2100 61
2700 87
4200 80
6100 59
1000 7
5900 75
300 77
9400 88
5300 9
6400 48
9600 80
8200 61
8800 55
4900 57
9600 59
9400 51
1100 72
3400 60
3300 62
1800 27
2800 50
3500 10
7800 15
5400 4
5400 93
5600 37
3100 38
3300 92
5500 70
2300 28
800 60
4700 55
3900 73
5300 13
4700 91
8800 21
4500 39
7300 5
2900 55
2200 6
8000 71
5500 52
5700 1
7900 56
5800 14
900 74
8400 40
7800 49
6200 96
4600 46
1000 45
9700 35
2600 17
1700 63
2900 14
4000 59
5900 83
8700 61
6600 99
4700 33
4100 35
5300 70
7400 83
2300 47
1900 22
1000 76
7000 48
100 24
4700 4
8700 13
8700 4
800 95
2500 17
6200 32
2900 66
3300 52
7200 79
7000 60
5500 35
1900 22
4100 18
600 67
9600 76
9000 22
1600 64
8700 51
6700 93
5000 91
3000 42
1400 66
7700 3
5400 64
1700 46
6900 83
4000 47
3400 53
3000 68
5600 54
5500 58
8400 99
6200 31
7800 4
4100 91
1200 44
1200 82
4800 85
8400 92
4700 14
6100 44
3100 76
