40000 500
3300 84
6300 68
4900 51
2200 63
3300 82
100 52
9800 17
5100 86
500 71
3900 98
7200 31
500 36
6600 6
7200 36
1800 81
1900 58
5900 29
1900 21
8400 56
4200 30
5100 26
3000 6
6900 48
5500 85
5500 12
1200 33
8700 2
1800 98
4000 10
5300 37
9600 76
800 50
1800 20
7300 10
1400 96
1000 1
1100 1
4400 60
3000 56
2800 93
9000 43
9300 78
4800 9
5100 23
5100 16
2500 27
6400 36
9700 5
6400 17
300 91
7800 73
3200 29
9500 75
3300 51
8700 3
4800 9
2700 12
5400 30
7200 4
1100 25
5800 98
2000 49
9200 16
2500 4
8200 73
6700 76
6300 3
7500 87
6200 70
1900 30
7900 15
8300 56
4500 39
1800 76
9200 14
2000 41
2800 95
7000 45
1100 74
5400 22
9300 85
5400 67
2100 40
1500 87
6600 42
6400 21
1200 20
9200 13
6600 48
1900 45
3900 2
3100 93
3900 58
3800 33
8000 97
9700 50
8400 28
9600 80
700 87
9000 53
8500 82
7300 83
3900 74
4800 35
8700 66
1800 94
200 68
9300 60
3400 44
4900 76
4400 43
8000 35
7100 2
7300 20
3300 60
7800 89
7200 49
4100 68
6800 26
8100 43
8600 95
100 44
7000 91
4800 44
8600 94
3200 38
2100 25
2300 88
4300 11
1700 7
1100 51
3400 38
1400 38
300 81
1700 35
9100 40
5400 11
4600 51
1900 12
5000 60
4900 90
4800 18
7900 93
9400 53
6000 45
5000 96
5900 42
8500 62
9400 18
4400 25
6800 72
600 77
300 78
3900 50
1200 28
7200 82
3800 48
4400 39
2100 12
7300 29
2500 8
7000 23
7200 79
900 69
2400 99
5900 84
400 83
6100 53
2300 46
4700 86
5000 75
1200 72
1000 12
4300 89
7200 29
3600 15
6900 89
2800 35
4500 24
4000 28
4200 54
1300 78
2000 80
7200 29
2300 36
4300 53
6000 69
3300 46
1700 93
1400 59
800 1
8000 15
9800 75
9800 74
6200 98
7400 18
4000 5
5100 46
6100 67
6600 30
5200 13
7300 33
2400 82
2800 53
900 5
1000 14
3100 65
4800 31
5100 54
9700 71
9100 76
5600 85
200 65
3000 70
5600 75
6700 5
9000 37
7500 96
6600 72
8900 82
6200 68
9900 75
4200 32
4700 4
4300 87
5500 12
3700 22
3100 84
8100 59
6600 64
8200 44
2000 89
3300 75
8100 69
2100 47
1600 44
8900 53
6000 35
3000 33
4400 68
6400 5
5700 54
4200 55
7700 25
6100 24
3500 88
5400 3
7500 45
3700 46
3600 8
5600 58
8300 17
3700 51
8800 94
200 44
6900 38
2400 45
3000 98
8100 82
8900 55
9000 80
6700 48
2700 71
5700 81
5600 1
5700 71
1500 3
900 2
9800 64
2600 50
2600 84
8500 28
9200 49
4000 65
6700 22
7600 18
8000 72
4800 99
700 21
7300 21
1600 83
7200 15
8600 80
4400 74
4900 4
1100 68
4200 57
8300 38
200 8
8700 91
3300 6
7200 15
6400 79
6300 1
5700 22
3900 60
200 79
1700 90
6800 7
6400 1
400 94
3100 75
2600 42
5300 66
9600 56
1100 73
6900 13
5900 46
4400 87
2400 80
9000 49
5600 81
5000 85
2900 25
3700 69
3000 85
3200 85
4700 97
7000 11
8800 71
3200 63
7300 99
4700 73
8900 98
2600 83
4200 61
3300 37
2500 18
2200 96
1500 46
6500 40
8800 72
7800 86
9200 84
7600 2
3000 7
7600 76
3700 43
5900 76
200 23
6400 33
3100 96
5100 14
2000 74
3600 62
8200 23
9100 82
6400 49
3300 91
1900 5
7200 60
9400 64
8900 92
8100 88
5100 50
700 15
9000 89
4100 94
2800 19
3300 67
7200 70
7600 36
800 39
1800 76
1800 30
4300 86
5400 21
9900 53
7200 8
4900 66
800 17
3800 73
9800 57
400 54
1100 28
700 47
7700 82
2200 75
1000 32
7600 89
3200 35
3600 35
8100 88
2500 10
5800 1
2600 38
6100 88
500 83
7600 28
7000 69
8200 39
5300 93
1900 3
5300 26
1800 96
2100 42
800 75
4100 99
3900 46
8800 42
4300 74
1200 73
4900 74
8400 29
3000 3
3000 20
8300 93
5300 26
5600 23
9900 76
1300 78
7700 64
3200 50
8800 17
4000 7
3500 62
1600 3
2100 34
4600 22
1600 26
3200 46
9800 87
4000 2
6800 47
400 23
2600 89
8000 5
1400 1
8300 57
7300 45
5000 83
5100 77
6400 61
2900 11
5000 28
6300 37
3700 29
8500 59
2600 20
5000 15
6400 34
7000 69
3900 15
9600 45
2900 83
5000 43
1600 7
7000 93
4600 74
6600 51
6100 52
3100 57
700 52
700 57
5400 93
4500 56
1200 19
1600 38
3500 58
9000 20
4100 49
2300 37
3200 17
9100 84
9600 18
4800 25
7100 43
9400 24
100 34
2300 55
5700 4
6000 18
3200 34
6900 80
4100 15
900 59
9900 38
8900 1
7000 17
7700 40
7300 44
4100 74
3000 96
5300 56
8000 72
6400 59
9400 60
8000 78
5800 12
9800 2
7200 79
5900 90
7700 3
3000 60
4700 91
4500 94
9100 27
6500 63
4600 63
5500 67
