15000 500
8500 59
8000 32
3500 70
8700 21
5300 4
1300 33
8700 83
7500 95
9500 70
3500 27
5900 50
3700 95
7900 13
5500 64
600 4
7600 86
3600 86
600 24
7000 56
4300 48
6000 39
5200 81
2600 94
2100 14
3100 6
4900 63
2900 26
1900 89
400 52
6400 98
1700 58
500 92
1600 72
9100 66
2000 53
3300 95
4100 65
2200 47
4700 49
2500 10
7500 85
8700 23
4400 38
9400 6
100 18
8200 35
2200 65
700 72
1100 7
3000 29
700 57
1100 46
6300 57
1900 98
4300 73
5100 22
9100 55
3900 45
1400 23
8400 44
8300 91
4800 74
3600 62
1300 49
7800 16
9300 48
9200 40
5100 4
3400 70
4300 76
7700 97
6200 3
2600 22
3700 27
9600 7
2000 5
4800 49
7700 64
6000 82
8000 74
4300 12
9300 21
9700 28
5600 96
9900 91
5900 72
7200 49
4000 35
600 28
200 11
3000 23
5100 6
500 15
2400 40
9300 15
8700 97
8200 29
6000 35
2300 35
4000 50
6200 88
1400 69
4900 7
7900 29
500 66
6000 51
1800 63
900 90
6500 61
4800 71
6600 98
6300 70
5700 67
900 63
4100 75
4700 16
9600 70
7700 40
9900 38
9800 11
3900 60
6700 27
7900 52
1400 44
5900 65
5800 89
9300 13
3700 68
8400 19
3700 76
8000 51
2500 63
9100 95
6700 8
6800 25
9600 42
3700 94
3100 29
2700 82
8900 33
7700 42
7400 5
1000 93
8900 58
4900 35
9800 23
6200 67
7900 21
7300 79
600 32
6400 44
1000 19
3500 85
5400 72
1700 57
1100 44
8400 59
6700 26
7300 38
9000 73
8300 18
7900 50
8900 96
6400 78
5800 89
500 73
1700 68
1100 55
300 34
4200 3
6100 93
5200 76
4300 85
300 71
8200 21
3500 83
4500 55
2000 53
5000 81
6700 65
2600 28
7100 29
7000 43
2100 25
6200 58
1600 79
8300 69
9300 69
4300 80
700 27
1600 14
9200 38
4400 73
3200 90
2700 11
3500 62
5000 25
3700 61
2600 73
6400 93
4900 95
1200 58
1400 6
5800 97
1400 77
2700 49
1300 37
8000 27
5900 36
800 59
7600 45
7900 72
4100 98
800 43
4500 82
1800 20
800 47
5600 66
9200 7
2700 35
4800 91
8300 52
5100 43
6800 35
1700 5
5500 3
4700 21
1800 80
5400 41
7200 52
5100 87
2900 26
400 11
6100 37
500 84
8800 97
1200 20
7200 60
4100 9
8800 99
6900 26
5500 9
5900 79
3000 66
5600 1
2700 44
4600 18
5800 95
700 6
7500 60
8000 35
9100 76
300 63
6700 43
1900 17
8200 69
4600 38
8000 70
6900 44
8300 27
9200 13
5500 61
8500 76
7400 15
7400 76
7400 73
8300 31
2300 75
9500 39
2200 39
2100 71
2700 61
5800 11
2000 64
5800 80
5500 46
4900 98
9200 32
900 10
6700 99
2900 13
7700 72
5900 97
3300 77
6300 35
6200 97
3500 12
2300 14
5400 58
8800 84
6200 64
8000 9
5400 65
8600 1
2200 33
4400 34
5200 60
2500 25
3800 13
6500 86
1200 25
5900 31
4400 49
7200 98
2300 89
9300 65
1000 10
5200 45
8400 48
1100 83
9000 87
8500 59
1100 5
5700 10
1700 17
2500 11
1300 15
3800 49
4400 58
500 85
9100 75
9600 55
9400 61
7800 18
300 80
9900 72
4400 89
6900 23
4700 99
9700 17
5200 61
4600 18
7000 66
4300 95
400 45
5500 68
2100 93
3700 42
4000 75
400 92
8700 53
8400 37
3400 9
2400 14
3900 20
1300 23
4400 99
5000 16
3200 41
3100 46
8800 25
6400 35
8400 89
9000 89
500 88
2100 86
3400 83
9400 79
2700 82
8700 87
6400 89
6500 92
2000 52
3300 23
5800 38
7600 50
7100 53
8700 20
5800 34
5800 20
600 67
4300 80
1600 4
8100 41
1700 23
400 81
8500 13
4300 20
5700 23
400 77
6300 34
4200 62
7400 47
7300 27
8200 26
4600 96
8500 23
5500 20
9000 84
1900 37
4200 28
5600 88
1100 53
4800 58
4700 15
7600 39
1300 88
3800 67
7200 43
5000 99
8900 34
8100 92
7200 17
1300 9
2600 73
8100 67
9600 21
6100 99
9900 28
5700 58
7700 44
6200 12
6200 51
600 10
8300 69
7600 43
5600 33
2000 50
8800 60
9800 67
9200 74
9500 21
8900 52
2600 14
2800 56
6800 97
200 75
7600 58
5500 23
8900 2
900 2
7900 55
4700 38
8700 64
9900 64
8300 3
3900 47
8100 96
1400 30
3100 65
4300 82
8100 61
9300 10
100 53
5700 80
600 90
4600 56
7500 81
1300 91
4100 33
7900 88
8100 34
2500 2
100 60
8900 33
5500 34
5800 42
8400 79
6500 22
3100 77
4100 97
9800 92
7800 49
8600 77
8600 44
8500 6
8100 34
2400 7
6300 13
3400 68
8400 16
2200 78
5000 15
1000 76
2600 52
1100 3
2800 37
5800 90
6600 89
2900 28
4800 28
5800 91
4100 6
5200 4
6400 99
5400 35
9800 18
7900 99
7800 4
9400 85
700 20
6900 46
6400 10
1400 90
6300 77
8400 89
400 96
1300 39
6300 33
5600 64
