35000 500
2500 29
9100 91
3300 82
6900 41
4700 16
2900 5
2400 40
5300 95
3700 61
8200 23
3900 87
6800 13
1000 84
3000 57
7400 40
6800 24
1100 32
7900 94
2600 62
6400 37
9900 56
3600 84
8100 55
4000 58
400 76
3400 13
1600 50
3000 67
4600 27
9100 88
4900 80
9700 87
3200 52
3900 38
5800 71
200 18
1800 56
2500 25
8000 95
4500 1
500 67
5100 87
7900 61
9200 15
5500 62
1900 14
4300 1
6100 15
1800 31
1100 63
2000 59
3400 93
2400 65
1000 74
3400 77
4500 23
6700 41
500 96
4500 16
8600 72
300 55
7300 1
8200 94
1400 42
1600 39
1600 38
9900 90
2000 64
5700 20
2900 16
1000 77
2600 69
7400 19
4600 80
4700 27
6100 29
8400 99
8400 93
2200 91
2200 8
3200 54
4800 82
7300 27
1200 32
4400 93
2000 21
300 90
8100 19
4400 42
7600 66
500 66
6700 21
4000 4
4000 5
4800 25
4600 18
8500 92
3700 65
2700 59
5000 83
7300 95
2100 54
8300 64
2400 2
8500 1
8000 15
7300 72
4800 94
9100 10
2300 66
8600 41
2400 50
3500 12
4300 22
6500 86
7800 48
5200 91
2600 47
9800 91
4100 84
7400 59
4000 90
5400 31
3800 39
6200 11
8500 85
4200 57
9500 66
4000 80
700 2
500 35
8700 40
7400 33
2000 24
2100 47
200 16
3400 23
9300 85
5100 69
4100 67
8500 53
2000 5
9700 90
3600 44
5200 96
1300 61
7200 43
8800 93
400 61
9900 19
3500 59
7300 80
2300 66
5500 4
800 38
7100 59
5900 1
500 27
200 86
8800 60
8100 87
9200 66
6200 39
5500 94
8800 77
4000 57
2500 19
6500 99
4600 97
9300 85
600 30
4000 24
3600 78
3600 7
7100 81
2900 99
9200 19
3900 28
5400 90
3300 25
6800 88
7500 14
3800 83
3700 38
2000 26
4600 31
3100 3
8200 58
3800 11
8000 63
7100 61
1500 75
9400 81
2900 7
3500 26
700 22
4300 30
4300 62
9500 27
7000 10
3400 27
7400 14
3100 47
1000 40
6200 32
1600 86
5900 66
7000 79
7900 90
8700 75
9600 28
1600 12
5600 87
5100 48
4200 78
9200 1
4900 77
2600 88
2600 76
9800 28
1500 98
5800 49
6000 45
2000 82
3800 6
6700 52
5800 65
4500 37
300 76
5500 21
7400 39
6300 15
400 63
2700 8
2900 74
8200 57
9300 88
3600 25
7400 62
5800 83
6400 98
7800 40
9300 42
6700 38
4600 91
1400 53
3500 19
8000 85
1600 62
9100 34
1900 94
8500 76
3200 79
8000 98
4100 69
1300 18
8800 5
6300 56
500 54
600 73
8200 14
2100 45
9600 10
4600 92
3900 69
7600 73
1200 71
6000 72
600 93
8600 17
3900 22
7400 70
8600 38
3100 6
4600 9
8900 47
9700 49
8900 25
7500 63
7600 36
3000 54
9800 26
7200 88
800 97
2500 53
3300 49
5100 87
4200 69
8300 16
6700 79
8100 78
8000 92
3300 32
4400 81
6300 41
3900 57
6800 24
2700 77
3000 85
4900 53
5000 91
1900 19
3500 81
2200 51
3200 78
4500 85
1600 91
9100 85
4200 72
4500 17
9900 34
1600 94
6000 77
9200 83
1600 17
3600 82
5900 57
100 26
6300 67
5900 54
1100 72
8900 61
1000 40
7400 1
6500 31
8800 71
9500 43
5500 97
4600 31
400 10
5300 78
6300 40
4800 92
3600 93
4200 49
2200 39
700 53
9900 74
4800 68
200 19
1500 24
6000 71
900 53
4800 46
3000 77
8100 9
8000 12
6700 21
8000 10
5500 2
7700 94
2200 71
1000 73
8900 55
5200 67
4000 13
6300 93
1700 6
2100 85
200 18
7400 10
2100 27
9300 23
9000 64
6000 61
7000 79
6900 49
7100 43
2300 85
9200 2
3100 76
1500 11
3300 34
300 37
5100 1
9600 53
7100 29
9200 8
7200 76
8500 70
200 72
400 14
3200 36
1100 54
1200 90
4300 7
1400 55
7100 59
6400 79
2300 57
2800 5
7800 50
3800 19
9700 45
7000 26
8300 25
6900 12
1200 15
8200 23
800 95
4000 12
4300 96
6900 57
7700 39
7100 87
7900 8
4700 54
1500 36
1900 92
1900 7
800 41
9300 96
5400 51
9500 1
600 47
900 46
4600 39
6200 30
6700 39
2100 70
6100 70
800 67
5200 62
800 2
1000 72
2100 79
8100 54
9800 75
900 41
4200 48
2600 6
6100 54
2600 74
6900 36
2900 16
7900 41
4100 26
1200 47
9500 66
6800 58
4500 27
8100 61
800 95
6400 79
1500 51
1800 11
5100 85
2900 41
8200 27
6800 98
4000 92
3000 77
2100 21
2900 65
6300 91
2000 11
8200 17
6100 97
7400 86
7300 16
3000 72
4500 94
8400 40
4800 51
8800 77
8900 32
7400 73
3300 40
6600 72
9100 62
7400 78
8200 89
6800 37
1900 74
5500 15
9700 66
7300 69
5300 31
4500 46
7800 3
2200 65
6000 27
7800 78
4800 70
4800 22
8500 77
7700 31
7700 27
600 99
6100 1
7000 10
4700 69
5000 39
9200 90
3500 17
5300 47
2400 94
2900 11
700 70
8900 50
