20000 500
7900 66
6200 65
7800 93
5300 95
9800 48
3100 9
2200 8
8600 32
9600 44
5800 41
3900 70
4900 10
9200 40
1300 14
1700 94
1800 16
7500 59
4700 84
5300 33
6700 26
4400 39
600 77
600 87
5600 50
9100 68
8900 55
100 74
5400 76
4600 19
3600 81
9800 13
3300 92
9600 47
1600 84
6800 41
3100 50
9700 35
7400 94
3100 78
900 60
6600 64
8500 60
3100 61
5200 97
8200 49
3700 61
7600 19
6400 97
7700 14
2600 40
8600 91
7200 67
2500 27
9200 1
1600 96
6200 44
6700 16
5900 18
3700 47
9100 79
2000 24
2100 45
4400 13
3100 25
3800 95
6000 43
8600 82
2300 61
1100 83
8800 53
6600 18
9300 99
8700 80
7900 16
7000 96
3500 52
5100 28
1500 22
7900 95
1300 33
2900 65
100 3
6000 67
6500 71
4500 90
5000 62
300 5
4400 34
2800 61
8200 12
8100 37
8300 59
1000 33
3000 47
5300 84
6200 14
1300 53
4600 75
3900 56
5000 92
6400 78
6800 45
9900 19
7800 56
400 17
6400 90
7800 27
3100 40
5600 70
1800 65
7300 35
8700 14
6700 69
9400 1
300 42
7600 99
8400 28
2800 57
6200 23
5900 6
7700 40
3600 95
5900 76
8600 90
9200 16
7200 88
9600 22
400 85
7700 38
6500 10
5100 75
900 94
7500 1
6800 40
1300 83
9600 34
9500 38
3900 50
7100 45
2800 74
3600 61
5900 4
9100 5
2400 12
1100 86
500 30
1700 65
8000 42
3400 92
8100 95
7400 46
2300 76
5900 9
3800 59
8700 14
9400 66
9700 52
3500 73
2200 12
9100 23
1500 39
8200 93
4400 72
7400 33
7400 58
4300 98
600 74
7100 98
9900 57
200 27
3100 17
4200 95
6000 35
4500 45
1200 97
800 69
3200 88
7700 56
5000 91
1000 54
5600 11
4100 4
8600 20
9500 33
4800 45
4500 58
6100 23
7800 69
7100 68
9900 23
1700 86
1600 36
3000 34
4000 39
9400 63
9300 75
300 10
2800 68
2900 41
7700 33
3700 47
9200 21
7200 14
8900 48
7200 4
7500 71
8900 47
1800 37
8800 10
900 63
5300 9
4300 22
9100 9
6700 77
7700 96
5200 44
9000 14
8600 48
4300 10
300 83
1500 56
800 68
2800 26
400 91
6600 67
2800 2
4900 3
1900 34
3200 4
6700 48
1300 31
8500 6
2200 85
200 91
7800 75
2600 5
6800 44
7400 27
3300 1
3100 24
8400 62
2100 73
9200 90
8500 79
9600 96
9500 22
7900 46
4000 42
4700 74
2000 24
2700 21
6900 46
1700 74
9500 29
2000 92
5300 14
5100 91
9600 42
2700 52
7400 18
1500 25
2200 29
1700 57
400 83
4000 31
6200 74
900 28
800 57
6300 53
8100 5
1400 22
6900 66
8100 81
400 30
2700 33
8800 20
2100 2
3700 29
1600 14
4400 12
2100 99
900 22
2500 68
7800 84
5600 67
2100 66
400 48
8300 14
9100 1
7100 98
5800 70
4600 77
7100 3
5900 93
6400 42
800 97
5500 89
9600 33
8500 37
2000 35
4200 64
2300 2
3400 15
600 9
3000 66
2300 83
7300 50
8000 86
3100 89
5000 15
2100 23
2300 25
3600 46
3000 56
7700 39
5400 9
6800 40
9800 98
400 8
8900 41
1000 43
8300 15
9900 81
2000 31
300 95
5600 57
7900 92
1700 77
2800 98
100 60
4500 10
9900 22
5000 62
5400 7
6500 61
9200 16
5000 13
7800 88
1500 48
2800 3
4000 90
8500 93
5500 53
4700 78
400 47
1700 70
4400 27
9200 67
9200 89
3800 88
6500 74
1900 48
1000 91
6000 41
7100 65
1100 10
8100 23
7900 63
1500 50
5500 77
6600 70
5100 70
9800 86
4500 11
5300 13
9200 94
8100 96
3800 10
4900 91
9200 1
7400 93
600 50
5300 66
6500 77
3100 73
4400 18
6100 1
1300 99
6300 93
5300 82
9000 65
3000 88
3300 76
5200 20
1300 65
6300 22
9400 37
7100 81
9700 20
8700 21
2800 25
7400 14
2300 76
3700 4
5400 92
5200 38
5400 74
9100 62
3300 48
7400 20
2300 46
5500 16
5400 24
6500 80
2200 21
4700 50
900 13
9500 80
3800 17
500 41
1800 54
4700 30
8600 45
3400 81
5300 94
2600 52
7300 60
9600 24
600 48
6300 65
1600 45
2800 69
1000 15
3500 22
200 27
7000 40
9200 96
6000 51
1300 38
2300 65
7700 96
3700 9
2600 46
7000 25
6800 75
4100 89
6800 92
9600 92
7500 85
8000 14
7800 5
9200 21
8800 71
4100 50
6000 29
7900 24
9900 8
5000 42
7000 68
5000 93
3100 77
2900 66
2500 6
7200 61
2400 35
9200 75
1000 10
3000 15
2100 87
2800 22
9000 53
6300 33
5500 10
4800 71
9400 67
5700 44
9800 35
8700 56
4500 59
6500 69
7600 18
6500 17
4300 30
5600 39
9500 14
2800 61
3900 86
9300 56
5900 81
2900 68
1900 3
900 85
8300 45
3300 84
500 90
4900 70
5900 9
7600 40
2400 74
2100 85
6300 12
1400 29
6400 33
5100 80
1400 75
6200 65
7300 17
8700 57
6700 17
9100 81
