 G 100 10000 7.26667 1.28475 7
 D 100 10000 11372.9 296.167 11308
 G 100 15000 7.13333 1.16658 7
 D 100 15000 16356.5 359.675 16240.5
 G 100 20000 7.3 1.4657 7
 D 100 20000 23794.4 1657.34 23280
 G 100 25000 13.6667 2.42591 13
 D 100 25000 28822.2 2642.85 28314
 G 100 30000 9.4 1.49943 9
 D 100 30000 33897.9 1977.8 33409
 G 100 35000 17.5333 2.81294 17
 D 100 35000 42164 8487.38 40607
 G 100 40000 6.73333 1.31131 6.5
 D 100 40000 48087 7759.63 45874
 G 100 45000 7.23333 1.13512 7
 D 100 45000 52062 6535.54 50808
 G 100 50000 7.26667 1.11211 7
 D 100 50000 56739.8 6376.44 55552
 G 100 5000 7.43333 1.50134 7
 D 100 5000 5623.2 233.965 5542.5
 G 10 10000 3.06667 0.365148 3
 D 10 10000 1708.67 751.171 1379.5
 G 10 15000 1.03333 0.182574 1
 D 10 15000 1929.9 322.268 1737.5
 G 10 20000 1 0 1
 D 10 20000 2574.3 308.776 2490
 G 10 25000 1 0 1
 D 10 25000 3190.1 347.658 3092.5
 G 10 30000 2.1 0.402578 2
 D 10 30000 3758.1 1241.37 3501.5
 G 10 35000 1.03333 0.182574 1
 D 10 35000 4642.6 776.077 4474.5
 G 10 40000 1 0 1
 D 10 40000 5144.53 886.001 4950
 G 10 45000 8.93333 15.3059 5
 D 10 45000 5915.4 1972.88 5494.5
 G 10 50000 1.03333 0.182574 1
 D 10 50000 6185.87 888.874 5993
 G 10 5000 1.06667 0.253708 1
 D 10 5000 582.733 61.0562 557.5
 G 150 10000 13.6333 12.436 11
 D 150 10000 17356.7 157.072 17316.5
 G 150 15000 11.2 1.58441 11
 D 150 15000 25136.1 137.491 25124
 G 150 20000 11.4667 1.67607 11
 D 150 20000 35504.2 3659.22 34839
 G 150 25000 11.3667 1.49674 11
 D 150 25000 42909.4 3261.49 42152
 G 150 30000 12.4333 1.7357 12
 D 150 30000 50606.9 3891.66 49902
 G 150 35000 12.4333 1.71572 12
 D 150 35000 62884.2 9954.69 60983
 G 150 40000 11.4 1.49943 11
 D 150 40000 70370.3 9903.85 68328.5
 G 150 45000 28.1333 3.57899 27
 D 150 45000 77828.3 11598.1 75729
 G 150 50000 11.3667 1.49674 11
 D 150 50000 84952.2 9851.12 83045
 G 150 5000 11.6 1.92264 11
 D 150 5000 8976 332.047 8871.5
 G 15 10000 1.03333 0.182574 1
 D 15 10000 1834.3 105.738 1780.5
 G 15 15000 1.03333 0.182574 1
 D 15 15000 2565.27 156.517 2489
 G 15 20000 1.06667 0.253708 1
 D 15 20000 3665.13 379.464 3579
 G 15 25000 1.03333 0.182574 1
 D 15 25000 4541.47 732.646 4328
 G 15 30000 1 0 1
 D 15 30000 5220.4 496.242 5074.5
 G 15 35000 1.03333 0.182574 1
 D 15 35000 6701.23 1553.03 6392
 G 15 40000 1.03333 0.182574 1
 D 15 40000 7546.2 1606.69 7185
 G 15 45000 1.03333 0.182574 1
 D 15 45000 8144.43 1050.96 7935
 G 15 50000 2.1 0.402578 2
 D 15 50000 9058.53 1628.98 8712
 G 15 5000 2 0.262613 2
 D 15 5000 1355.87 88.2913 1359
 G 200 10000 18.5 2.01289 18
 D 200 10000 23306.1 612.789 22994
 G 200 15000 16.7667 1.95965 16
 D 200 15000 33266.9 256.27 33219.5
 G 200 20000 17.7333 6.51753 16
 D 200 20000 47492.2 4934.85 46495.5
 G 200 25000 23.4667 8.60526 21
 D 200 25000 57220.8 5135.05 56339.5
 G 200 30000 21.8 2.48305 21
 D 200 30000 66977.1 4843.54 65971
 G 200 35000 16.8 1.95466 16
 D 200 35000 83669.2 13073.1 81146
 G 200 40000 31.6667 9.93889 29
 D 200 40000 33668.5 26876.5 26937.5
 G 200 45000 21.7333 2.31834 21
 D 200 45000 103407 13206.5 100856
 G 200 50000 16.6667 1.91785 16
 D 200 50000 112773 12784.9 110412
 G 200 5000 16.7 1.91455 16
 D 200 5000 11787.4 200.263 11726.5
 G 20 10000 1.06667 0.253708 1
 D 20 10000 2490.03 267.769 2336.5
 G 20 15000 2.03333 0.182574 2
 D 20 15000 3511.23 543.792 3307
 G 20 20000 1.2 0.484234 1
 D 20 20000 4953.03 962.268 4669
 G 20 25000 1.03333 0.182574 1
 D 20 25000 5806.2 513.658 5680.5
 G 20 30000 1.06667 0.253708 1
 D 20 30000 6795.63 573.91 6662.5
 G 20 35000 2.1 0.402578 2
 D 20 35000 8734.53 1536.19 8411.5
 G 20 40000 1.06667 0.253708 1
 D 20 40000 9745.7 1629.35 9411
 G 20 45000 1.03333 0.182574 1
 D 20 45000 10630.2 1474.6 10344.5
 G 20 50000 2.03333 0.182574 2
 D 20 50000 11877.8 2260.63 11440.5
 G 20 5000 1.03333 0.182574 1
 D 20 5000 1158 60.8231 1135.5
 G 250 10000 34.5 8.34493 32
 D 250 10000 29272.1 407.967 29161.5
 G 250 15000 39.3667 3.61494 38
 D 250 15000 41569 479.254 41403.5
 G 250 20000 30.3 2.74364 29.5
 D 250 20000 59633.9 6334.16 58387.5
 G 250 25000 44.2 3.77286 43
 D 250 25000 71567.3 6285.49 70290
 G 250 30000 42.9 10.7715 48
 D 250 30000 83958.8 5504.32 82866.5
 G 250 35000 37.8333 9.61351 35
 D 250 35000 39030.7 31621.6 30402.5
 G 250 40000 30 3.03996 29
 D 250 40000 116488 16505.1 113246
 G 250 45000 30.2 2.84544 29
 D 250 45000 45677 35069.9 37145.5
 G 250 50000 89.5333 26.4441 84
 D 250 50000 51466.9 41365 40693
 G 250 5000 30.8667 2.64879 30
 D 250 5000 15215.4 292.513 15179
 G 25 10000 5.13333 0.571346 5
 D 25 10000 3339.9 1163.13 2865
 G 25 15000 1.03333 0.182574 1
 D 25 15000 4166.2 122.471 4109
 G 25 20000 1.06667 0.253708 1
 D 25 20000 6048.2 706.463 5864
 G 25 25000 1.06667 0.253708 1
 D 25 25000 7312.6 686.175 7154
 G 25 30000 1.06667 0.253708 1
 D 25 30000 8989.63 900.353 8636.5
 G 25 35000 3.5 0.731083 3
 D 25 35000 11473.1 3049.81 10891
 G 25 40000 1.1 0.402578 1
 D 25 40000 12137.5 2002.97 11728.5
 G 25 45000 1.3 0.534983 1
 D 25 45000 13536.1 2366.54 13040.5
 G 25 50000 1.03333 0.182574 1
 D 25 50000 14814.2 1704.63 14436.5
 G 25 5000 1.03333 0.182574 1
 D 25 5000 1786.53 1126.48 1476.5
 G 300 10000 32.6333 2.49805 32
 D 300 10000 35751.9 732.677 35536
 G 300 15000 34.8667 6.54287 32
 D 300 15000 50744 701.296 50614.5
 G 300 20000 32.7333 2.43443 32
 D 300 20000 71723.5 6057.54 70413.5
 G 300 25000 63.7 4.68416 62
 D 300 25000 90306.5 8352.25 86820
 G 300 30000 33.3333 4.04572 32
 D 300 30000 104285 6486.49 102302
 G 300 35000 37.1 4.71498 36
 D 300 35000 47883.3 38552.4 37353.5
 G 300 40000 40.9 12.4578 37
 D 300 40000 52123.5 40758.5 41071
 G 300 45000 32 2.40689 31
 D 300 45000 56357.9 42460.5 45078
 G 300 50000 33.1333 3.04827 32
 D 300 50000 62523.6 46199.6 50128
 G 300 5000 34.4667 9.14908 31
 D 300 5000 18318.8 436.348 18229
 G 30 10000 1.23333 0.568321 1
 D 30 10000 3584.87 234.038 3500.5
 G 30 15000 2.8 0.484234 3
 D 30 15000 5315.3 616.602 5098.5
 G 30 20000 3.13333 0.571346 3
 D 30 20000 7596.87 1644.71 7264
 G 30 25000 1.1 0.402578 1
 D 30 25000 8914.83 799.123 8776
 G 30 30000 5.5 3.60794 4
 D 30 30000 10740.5 2434.1 10256
 G 30 35000 4.13333 0.571346 4
 D 30 35000 13602.2 4789.52 12628
 G 30 40000 4.13333 0.571346 4
 D 30 40000 14799.5 3805.91 14078.5
 G 30 45000 5.56667 0.85836 5
 D 30 45000 16301.3 3812.43 15575.5
 G 30 50000 1.1 0.402578 1
 D 30 50000 17567 1977.28 17182.5
 G 30 5000 1.1 0.402578 1
 D 30 5000 1733.6 60.0153 1709.5
 G 350 10000 46.5333 3.47139 47
 D 350 10000 40940.4 281.452 40866
 G 350 15000 40.4667 2.7131 40
 D 350 15000 59215.1 1098.66 58972.5
 G 350 20000 77.5 17.1801 66
 D 350 20000 83194.4 6490.11 81946.5
 G 350 25000 54.8667 10.3048 51
 D 350 25000 100497 5870.92 99301.5
 G 350 30000 40.3333 2.77095 39
 D 350 30000 117094 5592.32 115806
 G 350 35000 50.8667 6.56392 48
 D 350 35000 54287.7 43803.3 42756.5
 G 350 40000 40.2333 3.1259 39
 D 350 40000 60783.1 46229.7 48390.5
 G 350 45000 44.3667 4.59748 42.5
 D 350 45000 65964.8 51038.7 52706
 G 350 50000 60.4 8.19419 55
 D 350 50000 71135.7 52273.7 57813.5
 G 350 5000 40.6 2.73672 40
 D 350 5000 20904.4 219.68 20881
 G 35 10000 2.03333 0.182574 2
 D 35 10000 3989.67 85.832 3953.5
 G 35 15000 2.03333 0.182574 2
 D 35 15000 5714.6 167.751 5661.5
 G 35 20000 2.16667 0.461133 2
 D 35 20000 8546.73 998.368 8322
 G 35 25000 2.03333 0.182574 2
 D 35 25000 10258.6 888.115 10105
 G 35 30000 2.03333 0.182574 2
 D 35 30000 12034.7 1026.51 11824.5
 G 35 35000 2.03333 0.182574 2
 D 35 35000 15555.2 2461.96 15042
 G 35 40000 2.03333 0.182574 2
 D 35 40000 17211.4 2437.14 16699.5
 G 35 45000 2.03333 0.182574 2
 D 35 45000 18868 2375.33 18393.5
 G 35 50000 2.03333 0.182574 2
 D 35 50000 20895.9 2364.2 20182
 G 35 5000 2.03333 0.182574 2
 D 35 5000 2005.53 170.448 1927
 G 400 10000 64.6333 8.94228 61
 D 400 10000 47634 1282.26 47453
 G 400 15000 65.0667 3.91226 64
 D 400 15000 66924.8 553.518 66796.5
 G 400 20000 76.4 12.9418 70
 D 400 20000 96222.6 7057.33 94195.5
 G 400 25000 63.3333 4.68551 62
 D 400 25000 117810 6722.12 116257
 G 400 30000 63.5667 4.5081 62
 D 400 30000 135210 5566.86 133830
 G 400 35000 63.1 5.46052 62
 D 400 35000 63406 50604.7 49871
 G 400 40000 59.8333 3.66797 59
 D 400 40000 69064.7 53840.8 54779
 G 400 45000 63.6333 11.4996 60
 D 400 45000 74481.3 56292.5 60071
 G 400 50000 128.567 19.5531 119.5
 D 400 50000 82004.1 59434 65955
 G 400 5000 137.867 45.3642 128
 D 400 5000 24635.6 936.318 24409
 G 40 10000 2.03333 0.182574 2
 D 40 10000 4645.53 179.951 4606
 G 40 15000 2.06667 0.365148 2
 D 40 15000 6652.8 202.869 6627
 G 40 20000 2.13333 0.434172 2
 D 40 20000 9781.67 951.166 9539.5
 G 40 25000 3.06667 0.365148 3
 D 40 25000 11782.1 1286.11 11538.5
 G 40 30000 2.1 0.402578 2
 D 40 30000 13736 1201.34 13487.5
 G 40 35000 4.13333 0.571346 4
 D 40 35000 17584.5 3949.59 16837.5
 G 40 40000 3.1 0.402578 3
 D 40 40000 20315.2 3476.39 19145
 G 40 45000 4.16667 0.592093 4
 D 40 45000 21608.6 3370.51 20932.5
 G 40 50000 2.03333 0.182574 2
 D 40 50000 23687.9 2775.53 23143.5
 G 40 5000 4.3 1.05536 4
 D 40 5000 2456.43 708.704 2174.5
 G 450 10000 70.9 4.16347 70
 D 450 10000 53889.1 569.137 53726.5
 G 450 15000 71.9 4.68563 70
 D 450 15000 76473.7 1183.8 76066
 G 450 20000 75.2333 14.3759 71
 D 450 20000 37810.8 23447.7 30669
 G 450 25000 75.9 9.10987 72
 D 450 25000 43887.3 26036.3 36577.5
 G 450 30000 278.233 65.5916 233
 D 450 30000 151956 7529.32 149924
 G 450 35000 74.2333 12.2578 70
 D 450 35000 69850.2 56388.4 55316
 G 450 40000 75.1333 11.6256 70
 D 450 40000 77217.3 59444.3 61928
 G 450 45000 71.6 4.03946 70
 D 450 45000 85596.5 63992.7 68916.5
 G 450 50000 73.1333 6.02142 70
 D 450 50000 90970.3 66760.6 74031.5
 G 450 5000 78.4667 12.9421 75
 D 450 5000 27405.9 481.034 27281
 G 45 10000 4.06667 2.58555 4
 D 45 10000 5150.67 145.352 5125.5
 G 45 15000 3.53333 2.06336 3
 D 45 15000 7500.3 300.937 7452
 G 45 20000 2.1 0.402578 2
 D 45 20000 10759.5 1158.19 10536
 G 45 25000 2.1 0.402578 2
 D 45 25000 12996.5 1233.68 12724
 G 45 30000 2.1 0.402578 2
 D 45 30000 15262.2 1247.54 14975
 G 45 35000 2.1 0.402578 2
 D 45 35000 19211.4 3384.5 18605.5
 G 45 40000 11.6333 1.73172 11
 D 45 40000 21806.1 6555.8 20594
 G 45 45000 4.33333 0.711159 4
 D 45 45000 24157.4 4073.24 23356.5
 G 45 50000 2.13333 0.434172 2
 D 45 50000 25553.2 2975.65 24934.5
 G 45 5000 3.1 0.402578 3
 D 45 5000 2586.5 385.223 2425
 G 500 10000 92.0333 15.0962 87.5
 D 500 10000 58126.8 646.471 58168.5
 G 500 15000 141.167 7.39563 138.5
 D 500 15000 83248 1587.88 83065
 G 500 20000 90.1 4.53606 89
 D 500 20000 41192.2 24443.8 34015.5
 G 500 25000 214.633 36.2249 199.5
 D 500 25000 49110.7 29092.4 41060.5
 G 500 30000 85.1 3.76325 84
 D 500 30000 56370.3 32316.1 47868.5
 G 500 35000 84.1 3.92472 83
 D 500 35000 77002.5 61825 60908.5
 G 500 40000 85.5667 4.0487 84
 D 500 40000 84091.7 65562 67225.5
 G 500 45000 82.9667 8.94999 80
 D 500 45000 95701.1 68337.7 75600
 G 500 50000 99.7333 4.74838 98
 D 500 50000 100018 73243.3 81448.5
 G 500 5000 83.0667 3.98214 82
 D 500 5000 30027 473.572 29996
 G 50 10000 3.1 0.402578 3
 D 50 10000 5635.73 287.638 5547.5
 G 50 15000 3.1 0.402578 3
 D 50 15000 8089.4 513.526 7986.5
 G 50 20000 4.13333 0.571346 4
 D 50 20000 11855.6 1961.95 11460.5
 G 50 25000 2.13333 0.434172 2
 D 50 25000 14149.8 1226.34 13954.5
 G 50 30000 2.1 0.402578 2
 D 50 30000 16650.5 1264.78 16345.5
 G 50 35000 3.1 0.402578 3
 D 50 35000 21046 4026.58 20350
 G 50 40000 2.13333 0.434172 2
 D 50 40000 23712 3458.25 23133.5
 G 50 45000 2.1 0.402578 2
 D 50 45000 26421.7 3253.31 25845.5
 G 50 50000 4.13333 0.571346 4
 D 50 50000 28831.6 4753.08 28068
 G 50 5000 4.36667 0.850287 4
 D 50 5000 3088.1 730.189 2748.5
 G 5 10000 1 0 1
 D 5 10000 703.533 122.164 647.5
 G 5 15000 1.03333 0.182574 1
 D 5 15000 1004.3 103.12 932.5
 G 5 20000 1 0 1
 D 5 20000 1520.2 224.512 1449.5
 G 5 25000 0.466667 0.507416 0
 D 5 25000 1695.47 142.574 1669
 G 5 30000 1.03333 0.182574 1
 D 5 30000 2022.87 378.967 1927
 G 5 35000 0.233333 0.430183 0
 D 5 35000 2633.53 365.643 2564
 G 5 40000 1.03333 0.182574 1
 D 5 40000 3046.9 534.026 2899
 G 5 45000 0.166667 0.461133 0
 D 5 45000 3186.47 454.032 3076.5
 G 5 50000 0.7 0.534983 1
 D 5 50000 3451.43 395.05 3372.5
 G 5 5000 0.333333 0.479463 0
 D 5 5000 276.633 28.5953 268
